2010-05-25T19-54-53.797	0	3775	50.0	50.0
2010-05-25T19-54-57.576	1	3388	50.0	50.0
2010-05-25T19-55-00.969	2	3035	50.0	50.0
2010-05-25T19-55-04.009	3	3530	50.0	50.0
2010-05-25T19-55-07.543	4	2997	50.0	50.0
2010-05-25T19-55-10.545	5	3539	50.0	50.0
2010-05-25T19-55-14.088	6	4119	50.0	50.0
2010-05-25T19-55-18.212	7	3441	50.0	50.0
2010-05-25T19-55-21.657	8	2717	50.0	50.0
2010-05-25T19-55-24.378	9	3157	50.0	50.0
2010-05-25T19-55-27.540	10	3681	50.0	50.0
2010-05-25T19-55-31.226	11	2835	50.0	50.0
2010-05-25T19-55-34.065	12	2691	50.0	50.0
2010-05-25T19-55-36.760	13	2787	50.0	50.0
2010-05-25T19-55-39.551	14	3557	50.0	50.0
2010-05-25T19-55-43.112	15	2743	50.0	50.0
2010-05-25T19-55-45.860	16	4008	50.0	50.0
2010-05-25T19-55-49.872	17	3836	50.0	50.0
2010-05-25T19-55-53.712	18	4084	50.0	50.0
2010-05-25T19-55-57.800	19	3449	50.0	50.0
2010-05-25T19-56-01.253	20	3310	50.0	50.0
2010-05-25T19-56-04.567	21	3044	50.0	50.0
2010-05-25T19-56-07.615	22	3844	50.0	50.0
2010-05-25T19-56-11.463	23	3543	50.0	50.0
2010-05-25T19-56-15.010	24	2773	50.0	50.0
2010-05-25T19-56-17.788	25	3393	50.0	50.0
2010-05-25T19-56-21.185	26	3353	50.0	50.0
2010-05-25T19-56-24.542	27	3420	50.0	50.0
2010-05-25T19-56-27.965	28	3147	50.0	50.0
2010-05-25T19-56-31.117	29	2785	50.0	50.0
2010-05-25T19-56-33.906	30	3650	50.0	50.0
2010-05-25T19-56-37.561	31	2773	50.0	50.0
2010-05-25T19-56-40.338	32	3403	50.0	50.0
2010-05-25T19-56-43.745	33	2840	50.0	50.0
2010-05-25T19-56-46.589	34	3099	50.0	50.0
2010-05-25T19-56-49.692	35	3459	50.0	50.0
2010-05-25T19-56-53.156	36	3649	50.0	50.0
2010-05-25T19-56-56.809	37	2808	50.0	50.0
2010-05-25T19-56-59.621	38	3022	50.0	50.0
2010-05-25T19-57-02.648	39	3031	50.0	50.0
2010-05-25T19-57-05.683	40	3392	50.0	50.0
2010-05-25T19-57-09.080	41	2837	50.0	50.0
2010-05-25T19-57-11.921	42	2736	50.0	50.0
2010-05-25T19-57-14.661	43	3449	50.0	50.0
2010-05-25T19-57-18.114	44	2705	50.0	50.0
2010-05-25T19-57-20.823	45	2802	50.0	50.0
2010-05-25T19-57-23.629	46	2725	50.0	50.0
2010-05-25T19-57-26.359	47	2742	50.0	50.0
2010-05-25T19-57-29.105	48	3319	50.0	50.0
2010-05-25T19-57-32.429	49	3445	50.0	50.0
2010-05-25T19-57-35.878	50	2636	50.0	50.0
2010-05-25T19-57-38.518	51	3193	50.0	50.0
2010-05-25T19-57-41.715	52	3034	50.0	50.0
2010-05-25T19-57-44.753	53	2792	50.0	50.0
2010-05-25T19-57-47.549	54	2773	50.0	50.0
2010-05-25T19-57-50.327	55	2863	50.0	50.0
2010-05-25T19-57-53.195	56	2707	50.0	50.0
2010-05-25T19-57-55.907	57	2739	50.0	50.0
2010-05-25T19-57-58.650	58	3548	50.0	50.0
2010-05-25T19-58-02.203	59	4366	50.0	50.0
2010-05-25T19-58-06.573	60	2724	50.0	50.0
2010-05-25T19-58-09.301	61	2798	50.0	50.0
2010-05-25T19-58-12.103	62	2690	50.0	50.0
2010-05-25T19-58-14.797	63	3370	50.0	50.0
2010-05-25T19-58-18.172	64	2712	50.0	50.0
2010-05-25T19-58-20.889	65	4095	50.0	50.0
2010-05-25T19-58-24.988	66	3729	50.0	50.0
2010-05-25T19-58-28.721	67	3456	50.0	50.0
2010-05-25T19-58-32.181	68	2733	50.0	50.0
2010-05-25T19-58-34.919	69	3569	50.0	50.0
2010-05-25T19-58-38.493	70	2730	50.0	50.0
2010-05-25T19-58-41.227	71	3560	50.0	50.0
2010-05-25T19-58-44.791	72	3358	50.0	50.0
2010-05-25T19-58-48.153	73	3549	50.0	50.0
2010-05-25T19-58-51.706	74	2699	50.0	50.0
2010-05-25T19-58-54.409	75	3420	50.0	50.0
2010-05-25T19-58-57.833	76	3502	50.0	50.0
2010-05-25T19-59-01.340	77	3549	50.0	50.0
2010-05-25T19-59-04.893	78	3333	50.0	50.0
2010-05-25T19-59-08.230	79	2782	50.0	50.0
2010-05-25T19-59-11.016	80	2781	50.0	50.0
2010-05-25T19-59-13.801	81	3723	50.0	50.0
2010-05-25T19-59-17.528	82	3416	50.0	50.0
2010-05-25T19-59-20.948	83	2787	50.0	50.0
2010-05-25T19-59-23.739	84	2763	50.0	50.0
2010-05-25T19-59-26.507	85	2750	50.0	50.0
2010-05-25T19-59-29.261	86	2688	50.0	50.0
2010-05-25T19-59-31.953	87	2725	50.0	50.0
2010-05-25T19-59-34.682	88	2827	50.0	50.0
2010-05-25T19-59-37.513	89	4124	50.0	50.0
2010-05-25T19-59-41.641	90	2748	50.0	50.0
2010-05-25T19-59-44.393	91	2803	50.0	50.0
2010-05-25T19-59-47.200	92	2732	50.0	50.0
2010-05-25T19-59-49.936	93	2782	50.0	50.0
2010-05-25T19-59-52.722	94	3384	50.0	50.0
2010-05-25T19-59-56.110	95	2800	50.0	50.0
2010-05-25T19-59-58.914	96	3370	50.0	50.0
2010-05-25T20-00-02.289	97	3159	50.0	50.0
2010-05-25T20-00-05.453	98	2783	50.0	50.0
2010-05-25T20-00-08.241	99	2800	50.0	50.0
2010-05-25T20-00-11.053	100	3382	50.0	50.0
2010-05-25T20-00-14.439	101	3414	50.0	50.0
2010-05-25T20-00-17.858	102	3978	50.0	50.0
2010-05-25T20-00-21.840	103	2862	50.0	50.0
2010-05-25T20-00-24.706	104	3394	50.0	50.0
2010-05-25T20-00-28.104	105	2847	50.0	50.0
2010-05-25T20-00-30.955	106	3588	50.0	50.0
2010-05-25T20-00-34.547	107	2829	50.0	50.0
2010-05-25T20-00-37.380	108	3256	50.0	50.0
2010-05-25T20-00-40.640	109	3407	50.0	50.0
2010-05-25T20-00-44.051	110	4004	50.0	50.0
2010-05-25T20-00-48.059	111	3432	50.0	50.0
2010-05-25T20-00-51.495	112	3026	50.0	50.0
2010-05-25T20-00-54.525	113	2738	50.0	50.0
2010-05-25T20-00-57.267	114	3511	50.0	50.0
2010-05-25T20-01-00.782	115	2806	50.0	50.0
2010-05-25T20-01-03.592	116	2721	50.0	50.0
2010-05-25T20-01-06.317	117	2779	50.0	50.0
2010-05-25T20-01-09.101	118	3380	50.0	50.0
2010-05-25T20-01-12.485	119	4403	50.0	50.0
2010-05-25T20-01-16.893	120	3524	50.0	50.0
2010-05-25T20-01-20.422	121	3461	50.0	50.0
2010-05-25T20-01-23.887	122	2757	50.0	50.0
2010-05-25T20-01-26.648	123	2789	50.0	50.0
2010-05-25T20-01-29.441	124	2700	50.0	50.0
2010-05-25T20-01-32.145	125	3087	50.0	50.0
2010-05-25T20-01-35.236	126	2764	50.0	50.0
2010-05-25T20-01-38.004	127	2742	50.0	50.0
2010-05-25T20-01-40.751	128	2673	50.0	50.0
2010-05-25T20-01-43.429	129	2806	50.0	50.0
2010-05-25T20-01-46.240	130	2924	50.0	50.0
2010-05-25T20-01-49.168	131	2836	50.0	50.0
2010-05-25T20-01-52.008	132	3078	50.0	50.0
2010-05-25T20-01-55.090	133	2742	50.0	50.0
2010-05-25T20-01-57.837	134	2990	50.0	50.0
2010-05-25T20-02-00.831	135	3370	50.0	50.0
2010-05-25T20-02-04.205	136	4060	50.0	50.0
2010-05-25T20-02-08.269	137	2883	50.0	50.0
2010-05-25T20-02-11.157	138	2772	50.0	50.0
2010-05-25T20-02-13.933	139	2873	50.0	50.0
2010-05-25T20-02-16.811	140	2794	50.0	50.0
2010-05-25T20-02-19.609	141	3476	50.0	50.0
2010-05-25T20-02-23.089	142	3670	50.0	50.0
2010-05-25T20-02-26.764	143	2858	50.0	50.0
2010-05-25T20-02-29.627	144	2665	50.0	50.0
2010-05-25T20-02-32.297	145	3968	50.0	50.0
2010-05-25T20-02-36.269	146	3338	50.0	50.0
2010-05-25T20-02-39.611	147	2733	50.0	50.0
2010-05-25T20-02-42.348	148	3025	50.0	50.0
2010-05-25T20-02-45.377	149	3106	50.0	50.0
2010-05-25T20-02-48.487	150	2771	50.0	50.0
2010-05-25T20-02-51.262	151	2810	50.0	50.0
2010-05-25T20-02-54.076	152	2669	50.0	50.0
2010-05-25T20-02-56.750	153	3103	50.0	50.0
2010-05-25T20-02-59.857	154	3418	50.0	50.0
2010-05-25T20-03-03.280	155	3475	50.0	50.0
2010-05-25T20-03-06.759	156	2781	50.0	50.0
2010-05-25T20-03-09.545	157	2714	50.0	50.0
2010-05-25T20-03-12.263	158	3442	50.0	50.0
2010-05-25T20-03-15.710	159	2774	50.0	50.0
2010-05-25T20-03-18.488	160	3942	50.0	50.0
2010-05-25T20-03-22.434	161	3122	50.0	50.0
2010-05-25T20-03-25.568	162	3546	50.0	50.0
2010-05-25T20-03-29.118	163	4183	50.0	50.0
2010-05-25T20-03-33.306	164	2714	50.0	50.0
2010-05-25T20-03-36.025	165	2821	50.0	50.0
2010-05-25T20-03-38.851	166	3319	50.0	50.0
2010-05-25T20-03-42.174	167	3501	50.0	50.0
2010-05-25T20-03-45.679	168	2762	50.0	50.0
2010-05-25T20-03-48.446	169	3354	50.0	50.0
2010-05-25T20-03-51.805	170	2793	50.0	50.0
2010-05-25T20-03-54.603	171	2751	50.0	50.0
2010-05-25T20-03-57.359	172	3850	50.0	50.0
2010-05-25T20-04-01.213	173	3827	50.0	50.0
2010-05-25T20-04-05.044	174	2701	50.0	50.0
2010-05-25T20-04-07.751	175	2736	50.0	50.0
2010-05-25T20-04-10.492	176	2754	50.0	50.0
2010-05-25T20-04-13.251	177	3073	50.0	50.0
2010-05-25T20-04-16.329	178	2673	50.0	50.0
2010-05-25T20-04-19.007	179	2778	50.0	50.0
2010-05-25T20-04-21.790	180	3204	50.0	50.0
2010-05-25T20-04-24.999	181	2785	50.0	50.0
2010-05-25T20-04-27.788	182	4111	50.0	50.0
2010-05-25T20-04-31.903	183	3163	50.0	50.0
2010-05-25T20-04-35.070	184	4139	50.0	50.0
2010-05-25T20-04-39.213	185	3766	50.0	50.0
2010-05-25T20-04-42.983	186	2676	50.0	50.0
2010-05-25T20-04-45.663	187	3570	50.0	50.0
2010-05-25T20-04-49.237	188	3542	50.0	50.0
2010-05-25T20-04-52.784	189	3484	50.0	50.0
2010-05-25T20-04-56.273	190	2936	50.0	50.0
2010-05-25T20-04-59.213	191	2761	50.0	50.0
2010-05-25T20-05-01.978	192	2692	50.0	50.0
2010-05-25T20-05-04.674	193	3268	50.0	50.0
2010-05-25T20-05-07.947	194	3278	50.0	50.0
2010-05-25T20-05-11.229	195	3512	50.0	50.0
2010-05-25T20-05-14.745	196	2726	50.0	50.0
2010-05-25T20-05-17.476	197	3035	50.0	50.0
2010-05-25T20-05-20.516	198	3515	50.0	50.0
2010-05-25T20-05-24.035	199	2826	50.0	50.0
