2010-05-25T19-35-31.680	0	3896	50.0	50.0
2010-05-25T19-35-35.580	1	3523	50.0	50.0
2010-05-25T19-35-39.107	2	2851	50.0	50.0
2010-05-25T19-35-41.968	3	2722	50.0	50.0
2010-05-25T19-35-44.695	4	3376	50.0	50.0
2010-05-25T19-35-48.075	5	2706	50.0	50.0
2010-05-25T19-35-50.785	6	3564	50.0	50.0
2010-05-25T19-35-54.354	7	3359	50.0	50.0
2010-05-25T19-35-57.717	8	4150	50.0	50.0
2010-05-25T19-36-01.871	9	3644	50.0	50.0
2010-05-25T19-36-05.519	10	2751	50.0	50.0
2010-05-25T19-36-08.275	11	2720	50.0	50.0
2010-05-25T19-36-11.000	12	4438	50.0	50.0
2010-05-25T19-36-15.442	13	4594	50.0	50.0
2010-05-25T19-36-20.040	14	2803	50.0	50.0
2010-05-25T19-36-22.847	15	4196	50.0	50.0
2010-05-25T19-36-27.048	16	3544	50.0	50.0
2010-05-25T19-36-30.597	17	3140	50.0	50.0
2010-05-25T19-36-33.742	18	3435	50.0	50.0
2010-05-25T19-36-37.181	19	2686	50.0	50.0
2010-05-25T19-36-39.871	20	3131	50.0	50.0
2010-05-25T19-36-43.006	21	2714	50.0	50.0
2010-05-25T19-36-45.724	22	2841	50.0	50.0
2010-05-25T19-36-48.568	23	2736	50.0	50.0
2010-05-25T19-36-51.308	24	2785	50.0	50.0
2010-05-25T19-36-54.097	25	4388	50.0	50.0
2010-05-25T19-36-58.489	26	3116	50.0	50.0
2010-05-25T19-37-01.610	27	2785	50.0	50.0
2010-05-25T19-37-04.400	28	2752	50.0	50.0
2010-05-25T19-37-07.157	29	3107	50.0	50.0
2010-05-25T19-37-10.269	30	2704	50.0	50.0
2010-05-25T19-37-12.978	31	3381	50.0	50.0
2010-05-25T19-37-16.363	32	3943	50.0	50.0
2010-05-25T19-37-20.310	33	2703	50.0	50.0
2010-05-25T19-37-23.017	34	2873	50.0	50.0
2010-05-25T19-37-25.894	35	3070	50.0	50.0
2010-05-25T19-37-28.968	36	3364	50.0	50.0
2010-05-25T19-37-32.337	37	2817	50.0	50.0
2010-05-25T19-37-35.158	38	3223	50.0	50.0
2010-05-25T19-37-38.386	39	3639	50.0	50.0
2010-05-25T19-37-42.029	40	2862	50.0	50.0
2010-05-25T19-37-44.894	41	4244	50.0	50.0
2010-05-25T19-37-49.143	42	2741	50.0	50.0
2010-05-25T19-37-51.888	43	4059	50.0	50.0
2010-05-25T19-37-55.951	44	3829	50.0	50.0
2010-05-25T19-37-59.784	45	3570	50.0	50.0
2010-05-25T19-38-03.358	46	3852	50.0	50.0
2010-05-25T19-38-07.214	47	2782	50.0	50.0
2010-05-25T19-38-10.001	48	2786	50.0	50.0
2010-05-25T19-38-12.792	49	2706	50.0	50.0
2010-05-25T19-38-15.503	50	2804	50.0	50.0
2010-05-25T19-38-18.311	51	2758	50.0	50.0
2010-05-25T19-38-21.074	52	2866	50.0	50.0
2010-05-25T19-38-23.944	53	3327	50.0	50.0
2010-05-25T19-38-27.275	54	2794	50.0	50.0
2010-05-25T19-38-30.073	55	4100	50.0	50.0
2010-05-25T19-38-34.177	56	4244	50.0	50.0
2010-05-25T19-38-38.425	57	3683	50.0	50.0
2010-05-25T19-38-42.112	58	2839	50.0	50.0
2010-05-25T19-38-44.956	59	3112	50.0	50.0
2010-05-25T19-38-48.072	60	4054	50.0	50.0
2010-05-25T19-38-52.130	61	3059	50.0	50.0
2010-05-25T19-38-55.193	62	3180	50.0	50.0
2010-05-25T19-38-58.377	63	3740	50.0	50.0
2010-05-25T19-39-02.121	64	2851	50.0	50.0
2010-05-25T19-39-04.977	65	2702	50.0	50.0
2010-05-25T19-39-07.683	66	2772	50.0	50.0
2010-05-25T19-39-10.459	67	2689	50.0	50.0
2010-05-25T19-39-13.152	68	3518	50.0	50.0
2010-05-25T19-39-16.674	69	2676	50.0	50.0
2010-05-25T19-39-19.355	70	2783	50.0	50.0
2010-05-25T19-39-22.143	71	3116	50.0	50.0
2010-05-25T19-39-25.264	72	3843	50.0	50.0
2010-05-25T19-39-29.112	73	3434	50.0	50.0
2010-05-25T19-39-32.550	74	2708	50.0	50.0
2010-05-25T19-39-35.262	75	2772	50.0	50.0
2010-05-25T19-39-38.038	76	3181	50.0	50.0
2010-05-25T19-39-41.223	77	2824	50.0	50.0
2010-05-25T19-39-44.051	78	3752	50.0	50.0
2010-05-25T19-39-47.807	79	3032	50.0	50.0
2010-05-25T19-39-50.844	80	3341	50.0	50.0
2010-05-25T19-39-54.190	81	2823	50.0	50.0
2010-05-25T19-39-57.018	82	3421	50.0	50.0
2010-05-25T19-40-00.443	83	2638	50.0	50.0
2010-05-25T19-40-03.086	84	2783	50.0	50.0
2010-05-25T19-40-05.873	85	3017	50.0	50.0
2010-05-25T19-40-08.894	86	3873	50.0	50.0
2010-05-25T19-40-12.771	87	3652	50.0	50.0
2010-05-25T19-40-16.427	88	3549	50.0	50.0
2010-05-25T19-40-19.980	89	3014	50.0	50.0
2010-05-25T19-40-22.998	90	2778	50.0	50.0
2010-05-25T19-40-25.781	91	2756	50.0	50.0
2010-05-25T19-40-28.541	92	3882	50.0	50.0
2010-05-25T19-40-32.427	93	2751	50.0	50.0
2010-05-25T19-40-35.183	94	3068	50.0	50.0
2010-05-25T19-40-38.255	95	2771	50.0	50.0
2010-05-25T19-40-41.030	96	2807	50.0	50.0
2010-05-25T19-40-43.841	97	2651	50.0	50.0
2010-05-25T19-40-46.496	98	2827	50.0	50.0
2010-05-25T19-40-49.327	99	3228	50.0	50.0
2010-05-25T19-40-52.559	100	3444	50.0	50.0
2010-05-25T19-40-56.008	101	3341	50.0	50.0
2010-05-25T19-40-59.354	102	4179	50.0	50.0
2010-05-25T19-41-03.537	103	3423	50.0	50.0
2010-05-25T19-41-06.964	104	3542	50.0	50.0
2010-05-25T19-41-10.511	105	2758	50.0	50.0
2010-05-25T19-41-13.274	106	3424	50.0	50.0
2010-05-25T19-41-16.702	107	3031	50.0	50.0
2010-05-25T19-41-19.738	108	4356	50.0	50.0
2010-05-25T19-41-24.098	109	2754	50.0	50.0
2010-05-25T19-41-26.856	110	3404	50.0	50.0
2010-05-25T19-41-30.264	111	2972	50.0	50.0
2010-05-25T19-41-33.240	112	3147	50.0	50.0
2010-05-25T19-41-36.391	113	4304	50.0	50.0
2010-05-25T19-41-40.699	114	2826	50.0	50.0
2010-05-25T19-41-43.529	115	2758	50.0	50.0
2010-05-25T19-41-46.291	116	4030	50.0	50.0
2010-05-25T19-41-50.325	117	2720	50.0	50.0
2010-05-25T19-41-53.050	118	2864	50.0	50.0
2010-05-25T19-41-55.918	119	3405	50.0	50.0
2010-05-25T19-41-59.328	120	3731	50.0	50.0
2010-05-25T19-42-03.063	121	3337	50.0	50.0
2010-05-25T19-42-06.404	122	3450	50.0	50.0
2010-05-25T19-42-09.859	123	2699	50.0	50.0
2010-05-25T19-42-12.563	124	3185	50.0	50.0
2010-05-25T19-42-15.753	125	2724	50.0	50.0
2010-05-25T19-42-18.481	126	3189	50.0	50.0
2010-05-25T19-42-21.674	127	2725	50.0	50.0
2010-05-25T19-42-24.403	128	3739	50.0	50.0
2010-05-25T19-42-28.146	129	3639	50.0	50.0
2010-05-25T19-42-31.789	130	3064	50.0	50.0
2010-05-25T19-42-34.856	131	3611	50.0	50.0
2010-05-25T19-42-38.471	132	3456	50.0	50.0
2010-05-25T19-42-41.932	133	2782	50.0	50.0
2010-05-25T19-42-44.719	134	2812	50.0	50.0
2010-05-25T19-42-47.535	135	3382	50.0	50.0
2010-05-25T19-42-50.922	136	3856	50.0	50.0
2010-05-25T19-42-54.782	137	2805	50.0	50.0
2010-05-25T19-42-57.591	138	2809	50.0	50.0
2010-05-25T19-43-00.404	139	2764	50.0	50.0
2010-05-25T19-43-03.173	140	2824	50.0	50.0
2010-05-25T19-43-06.002	141	3560	50.0	50.0
2010-05-25T19-43-09.566	142	2741	50.0	50.0
2010-05-25T19-43-12.311	143	2755	50.0	50.0
2010-05-25T19-43-15.071	144	2726	50.0	50.0
2010-05-25T19-43-17.801	145	2791	50.0	50.0
2010-05-25T19-43-20.596	146	2754	50.0	50.0
2010-05-25T19-43-23.354	147	4404	50.0	50.0
2010-05-25T19-43-27.762	148	3508	50.0	50.0
2010-05-25T19-43-31.274	149	2978	50.0	50.0
2010-05-25T19-43-34.256	150	3786	50.0	50.0
2010-05-25T19-43-38.045	151	2792	50.0	50.0
2010-05-25T19-43-40.841	152	2767	50.0	50.0
2010-05-25T19-43-43.612	153	2789	50.0	50.0
2010-05-25T19-43-46.406	154	3250	50.0	50.0
2010-05-25T19-43-49.660	155	4324	50.0	50.0
2010-05-25T19-43-53.988	156	3715	50.0	50.0
2010-05-25T19-43-57.707	157	5376	50.0	50.0
2010-05-25T19-44-03.088	158	4484	50.0	50.0
2010-05-25T19-44-07.576	159	3449	50.0	50.0
2010-05-25T19-44-11.029	160	3110	50.0	50.0
2010-05-25T19-44-14.143	161	2695	50.0	50.0
2010-05-25T19-44-16.842	162	2785	50.0	50.0
2010-05-25T19-44-19.631	163	2711	50.0	50.0
2010-05-25T19-44-22.347	164	2987	50.0	50.0
2010-05-25T19-44-25.338	165	2992	50.0	50.0
2010-05-25T19-44-28.334	166	3560	50.0	50.0
2010-05-25T19-44-31.898	167	3023	50.0	50.0
2010-05-25T19-44-34.925	168	2771	50.0	50.0
2010-05-25T19-44-37.700	169	2801	50.0	50.0
2010-05-25T19-44-40.505	170	2850	50.0	50.0
2010-05-25T19-44-43.360	171	2650	50.0	50.0
2010-05-25T19-44-46.014	172	3437	50.0	50.0
2010-05-25T19-44-49.456	173	2739	50.0	50.0
2010-05-25T19-44-52.199	174	4267	50.0	50.0
2010-05-25T19-44-56.470	175	2992	50.0	50.0
2010-05-25T19-44-59.466	176	4193	50.0	50.0
2010-05-25T19-45-03.664	177	3274	50.0	50.0
2010-05-25T19-45-06.942	178	2769	50.0	50.0
2010-05-25T19-45-09.716	179	3446	50.0	50.0
2010-05-25T19-45-13.167	180	3454	50.0	50.0
2010-05-25T19-45-16.626	181	3029	50.0	50.0
2010-05-25T19-45-19.659	182	3060	50.0	50.0
2010-05-25T19-45-22.723	183	2693	50.0	50.0
2010-05-25T19-45-25.420	184	3096	50.0	50.0
2010-05-25T19-45-28.520	185	2955	50.0	50.0
2010-05-25T19-45-31.479	186	2843	50.0	50.0
2010-05-25T19-45-34.326	187	2736	50.0	50.0
2010-05-25T19-45-37.066	188	3063	50.0	50.0
2010-05-25T19-45-40.134	189	2940	50.0	50.0
2010-05-25T19-45-43.079	190	2758	50.0	50.0
2010-05-25T19-45-45.841	191	2730	50.0	50.0
2010-05-25T19-45-48.575	192	3074	50.0	50.0
2010-05-25T19-45-51.653	193	3413	50.0	50.0
2010-05-25T19-45-55.073	194	3214	50.0	50.0
2010-05-25T19-45-58.292	195	3447	50.0	50.0
2010-05-25T19-46-01.744	196	3431	50.0	50.0
2010-05-25T19-46-05.180	197	2740	50.0	50.0
2010-05-25T19-46-07.925	198	3519	50.0	50.0
2010-05-25T19-46-11.448	199	2976	50.0	50.0
