2010-05-25T20-30-24.407	0	2162	70.0	70.0
2010-05-25T20-30-26.573	1	2909	70.0	70.0
2010-05-25T20-30-29.486	2	2212	70.0	70.0
2010-05-25T20-30-31.700	3	2377	70.0	70.0
2010-05-25T20-30-34.082	4	2206	70.0	70.0
2010-05-25T20-30-36.292	5	2246	70.0	70.0
2010-05-25T20-30-38.550	6	1972	70.0	70.0
2010-05-25T20-30-40.527	7	2215	70.0	70.0
2010-05-25T20-30-42.746	8	2144	70.0	70.0
2010-05-25T20-30-44.894	9	2152	70.0	70.0
2010-05-25T20-30-47.050	10	2137	70.0	70.0
2010-05-25T20-30-49.191	11	2152	70.0	70.0
2010-05-25T20-30-51.347	12	2144	70.0	70.0
2010-05-25T20-30-53.495	13	2068	70.0	70.0
2010-05-25T20-30-55.565	14	1918	70.0	70.0
2010-05-25T20-30-57.487	15	1981	70.0	70.0
2010-05-25T20-30-59.472	16	2043	70.0	70.0
2010-05-25T20-31-01.519	17	2214	70.0	70.0
2010-05-25T20-31-03.738	18	1972	70.0	70.0
2010-05-25T20-31-05.715	19	2214	70.0	70.0
2010-05-25T20-31-07.933	20	1972	70.0	70.0
2010-05-25T20-31-09.909	21	2113	70.0	70.0
2010-05-25T20-31-12.026	22	2012	70.0	70.0
2010-05-25T20-31-14.043	23	1980	70.0	70.0
2010-05-25T20-31-16.027	24	2144	70.0	70.0
2010-05-25T20-31-18.175	25	2144	70.0	70.0
2010-05-25T20-31-20.332	26	2011	70.0	70.0
2010-05-25T20-31-22.347	27	1965	70.0	70.0
2010-05-25T20-31-24.316	28	2152	70.0	70.0
2010-05-25T20-31-26.474	29	2244	70.0	70.0
2010-05-25T20-31-28.722	30	2144	70.0	70.0
2010-05-25T20-31-30.870	31	2153	70.0	70.0
2010-05-25T20-31-33.028	32	1971	70.0	70.0
2010-05-25T20-31-35.003	33	2004	70.0	70.0
2010-05-25T20-31-37.011	34	2082	70.0	70.0
2010-05-25T20-31-39.098	35	1948	70.0	70.0
2010-05-25T20-31-41.050	36	2105	70.0	70.0
2010-05-25T20-31-43.159	37	2153	70.0	70.0
2010-05-25T20-31-45.317	38	2245	70.0	70.0
2010-05-25T20-31-47.566	39	2144	70.0	70.0
2010-05-25T20-31-49.714	40	2012	70.0	70.0
2010-05-25T20-31-51.730	41	1957	70.0	70.0
2010-05-25T20-31-53.691	42	1957	70.0	70.0
2010-05-25T20-31-55.652	43	2003	70.0	70.0
2010-05-25T20-31-57.660	44	2003	70.0	70.0
2010-05-25T20-31-59.667	45	2230	70.0	70.0
2010-05-25T20-32-01.901	46	3372	70.0	70.0
2010-05-25T20-32-05.286	47	2002	70.0	70.0
2010-05-25T20-32-07.292	48	2082	70.0	70.0
2010-05-25T20-32-09.378	49	2762	70.0	70.0
2010-05-25T20-32-12.145	50	1964	70.0	70.0
2010-05-25T20-32-14.113	51	2738	70.0	70.0
2010-05-25T20-32-16.855	52	2144	70.0	70.0
2010-05-25T20-32-19.003	53	2762	70.0	70.0
2010-05-25T20-32-21.769	54	3378	70.0	70.0
2010-05-25T20-32-25.151	55	3270	70.0	70.0
2010-05-25T20-32-28.425	56	3379	70.0	70.0
2010-05-25T20-32-31.808	57	3371	70.0	70.0
2010-05-25T20-32-35.183	58	3277	70.0	70.0
2010-05-25T20-32-38.464	59	3988	70.0	70.0
2010-05-25T20-32-42.456	60	2145	70.0	70.0
2010-05-25T20-32-44.604	61	2661	70.0	70.0
2010-05-25T20-32-47.270	62	2143	70.0	70.0
2010-05-25T20-32-49.417	63	2660	70.0	70.0
2010-05-25T20-32-52.081	64	3379	70.0	70.0
2010-05-25T20-32-55.464	65	1957	70.0	70.0
2010-05-25T20-32-57.425	66	2738	70.0	70.0
2010-05-25T20-33-00.167	67	3371	70.0	70.0
2010-05-25T20-33-03.542	68	3387	70.0	70.0
2010-05-25T20-33-06.933	69	3269	70.0	70.0
2010-05-25T20-33-10.206	70	3785	70.0	70.0
2010-05-25T20-33-13.996	71	3175	70.0	70.0
2010-05-25T20-33-17.175	72	3269	70.0	70.0
2010-05-25T20-33-20.448	73	3379	70.0	70.0
2010-05-25T20-33-23.831	74	2146	70.0	70.0
2010-05-25T20-33-25.982	75	2650	70.0	70.0
2010-05-25T20-33-28.640	76	2031	70.0	70.0
2010-05-25T20-33-30.676	77	2878	70.0	70.0
2010-05-25T20-33-33.558	78	1980	70.0	70.0
2010-05-25T20-33-35.542	79	2824	70.0	70.0
2010-05-25T20-33-38.370	80	3371	70.0	70.0
2010-05-25T20-33-41.745	81	3277	70.0	70.0
2010-05-25T20-33-45.026	82	3270	70.0	70.0
2010-05-25T20-33-48.301	83	3268	70.0	70.0
2010-05-25T20-33-51.573	84	3387	70.0	70.0
2010-05-25T20-33-54.964	85	3168	70.0	70.0
2010-05-25T20-33-58.136	86	3269	70.0	70.0
2010-05-25T20-34-01.409	87	3379	70.0	70.0
2010-05-25T20-34-04.792	88	2012	70.0	70.0
2010-05-25T20-34-06.809	89	2784	70.0	70.0
2010-05-25T20-34-09.597	90	2152	70.0	70.0
2010-05-25T20-34-11.753	91	2660	70.0	70.0
2010-05-25T20-34-14.418	92	1956	70.0	70.0
2010-05-25T20-34-16.378	93	2738	70.0	70.0
2010-05-25T20-34-19.120	94	2122	70.0	70.0
2010-05-25T20-34-21.247	95	2791	70.0	70.0
2010-05-25T20-34-24.042	96	3168	70.0	70.0
2010-05-25T20-34-27.214	97	3371	70.0	70.0
2010-05-25T20-34-30.599	98	1947	70.0	70.0
2010-05-25T20-34-32.550	99	2855	70.0	70.0
2010-05-25T20-34-35.409	100	2028	70.0	70.0
2010-05-25T20-34-37.442	101	2776	70.0	70.0
2010-05-25T20-34-40.222	102	2144	70.0	70.0
2010-05-25T20-34-42.370	103	2660	70.0	70.0
2010-05-25T20-34-45.034	104	2004	70.0	70.0
2010-05-25T20-34-47.042	105	2801	70.0	70.0
2010-05-25T20-34-49.847	106	3379	70.0	70.0
2010-05-25T20-34-53.231	107	3268	70.0	70.0
2010-05-25T20-34-56.503	108	3269	70.0	70.0
2010-05-25T20-34-59.777	109	3378	70.0	70.0
2010-05-25T20-35-03.159	110	3270	70.0	70.0
2010-05-25T20-35-06.433	111	3379	70.0	70.0
2010-05-25T20-35-09.816	112	3277	70.0	70.0
2010-05-25T20-35-13.098	113	2143	70.0	70.0
2010-05-25T20-35-15.245	114	2652	70.0	70.0
2010-05-25T20-35-17.901	115	3278	70.0	70.0
2010-05-25T20-35-21.184	116	1979	70.0	70.0
2010-05-25T20-35-23.167	117	2824	70.0	70.0
2010-05-25T20-35-25.995	118	1989	70.0	70.0
2010-05-25T20-35-27.989	119	2815	70.0	70.0
2010-05-25T20-35-30.808	120	2019	70.0	70.0
2010-05-25T20-35-32.831	121	2785	70.0	70.0
2010-05-25T20-35-35.620	122	3270	70.0	70.0
2010-05-25T20-35-38.894	123	2152	70.0	70.0
2010-05-25T20-35-41.050	124	2660	70.0	70.0
2010-05-25T20-35-43.715	125	3268	70.0	70.0
2010-05-25T20-35-46.987	126	1996	70.0	70.0
2010-05-25T20-35-48.987	127	2809	70.0	70.0
2010-05-25T20-35-51.800	128	1988	70.0	70.0
2010-05-25T20-35-53.792	129	2816	70.0	70.0
2010-05-25T20-35-56.612	130	1996	70.0	70.0
2010-05-25T20-35-58.613	131	2808	70.0	70.0
2010-05-25T20-36-01.425	132	3277	70.0	70.0
2010-05-25T20-36-04.706	133	3371	70.0	70.0
2010-05-25T20-36-08.081	134	3277	70.0	70.0
2010-05-25T20-36-11.362	135	3270	70.0	70.0
2010-05-25T20-36-14.636	136	3277	70.0	70.0
2010-05-25T20-36-17.917	137	2145	70.0	70.0
2010-05-25T20-36-20.066	138	2761	70.0	70.0
2010-05-25T20-36-22.831	139	3473	70.0	70.0
2010-05-25T20-36-26.308	140	3277	70.0	70.0
2010-05-25T20-36-29.589	141	3277	70.0	70.0
2010-05-25T20-36-32.870	142	2035	70.0	70.0
2010-05-25T20-36-34.909	143	2863	70.0	70.0
2010-05-25T20-36-37.776	144	3379	70.0	70.0
2010-05-25T20-36-41.159	145	3278	70.0	70.0
2010-05-25T20-36-44.442	146	3268	70.0	70.0
2010-05-25T20-36-47.714	147	1965	70.0	70.0
2010-05-25T20-36-49.683	148	2738	70.0	70.0
2010-05-25T20-36-52.425	149	3277	70.0	70.0
2010-05-25T20-36-55.706	150	3168	70.0	70.0
2010-05-25T20-36-58.878	151	3473	70.0	70.0
2010-05-25T20-37-02.355	152	3277	70.0	70.0
2010-05-25T20-37-05.636	153	3269	70.0	70.0
2010-05-25T20-37-08.909	154	3481	70.0	70.0
2010-05-25T20-37-12.394	155	3168	70.0	70.0
2010-05-25T20-37-15.566	156	3378	70.0	70.0
2010-05-25T20-37-18.948	157	2004	70.0	70.0
2010-05-25T20-37-20.957	158	2800	70.0	70.0
2010-05-25T20-37-23.761	159	3371	70.0	70.0
2010-05-25T20-37-27.136	160	3277	70.0	70.0
2010-05-25T20-37-30.426	161	3370	70.0	70.0
2010-05-25T20-37-33.800	162	3472	70.0	70.0
2010-05-25T20-37-37.276	163	3176	70.0	70.0
2010-05-25T20-37-40.456	164	3277	70.0	70.0
2010-05-25T20-37-43.737	165	3270	70.0	70.0
2010-05-25T20-37-47.011	166	3168	70.0	70.0
2010-05-25T20-37-50.183	167	1988	70.0	70.0
2010-05-25T20-37-52.179	168	2812	70.0	70.0
2010-05-25T20-37-54.995	169	3473	70.0	70.0
2010-05-25T20-37-58.472	170	3277	70.0	70.0
2010-05-25T20-38-01.753	171	3277	70.0	70.0
2010-05-25T20-38-05.034	172	2145	70.0	70.0
2010-05-25T20-38-07.184	173	3378	70.0	70.0
2010-05-25T20-38-10.566	174	3269	70.0	70.0
2010-05-25T20-38-13.839	175	3371	70.0	70.0
2010-05-25T20-38-17.214	176	3379	70.0	70.0
2010-05-25T20-38-20.597	177	1988	70.0	70.0
2010-05-25T20-38-22.589	178	2816	70.0	70.0
2010-05-25T20-38-25.409	179	1957	70.0	70.0
2010-05-25T20-38-27.370	180	2848	70.0	70.0
2010-05-25T20-38-30.222	181	2027	70.0	70.0
2010-05-25T20-38-32.261	182	2769	70.0	70.0
2010-05-25T20-38-35.034	183	2145	70.0	70.0
2010-05-25T20-38-37.183	184	2660	70.0	70.0
2010-05-25T20-38-39.848	185	3268	70.0	70.0
2010-05-25T20-38-43.120	186	3278	70.0	70.0
2010-05-25T20-38-46.401	187	2145	70.0	70.0
2010-05-25T20-38-48.550	188	3105	70.0	70.0
2010-05-25T20-38-51.660	189	3136	70.0	70.0
2010-05-25T20-38-54.800	190	3269	70.0	70.0
2010-05-25T20-38-58.074	191	3277	70.0	70.0
2010-05-25T20-39-01.355	192	1949	70.0	70.0
2010-05-25T20-39-03.308	193	2855	70.0	70.0
2010-05-25T20-39-06.169	194	3471	70.0	70.0
2010-05-25T20-39-09.644	195	3066	70.0	70.0
2010-05-25T20-39-12.714	196	3277	70.0	70.0
2010-05-25T20-39-15.996	197	1964	70.0	70.0
2010-05-25T20-39-17.973	198	2839	70.0	70.0
2010-05-25T20-39-20.816	199	3167	70.0	70.0
