2010-05-25T16-23-03.118	0	6320	100.0	100.0
2010-05-25T16-23-09.440	1	6076	100.0	100.0
2010-05-25T16-23-15.518	2	7151	100.0	100.0
2010-05-25T16-23-22.671	3	7923	100.0	100.0
2010-05-25T16-23-30.596	4	6201	100.0	100.0
2010-05-25T16-23-36.799	5	6217	100.0	100.0
2010-05-25T16-23-43.018	6	7114	100.0	100.0
2010-05-25T16-23-50.134	7	6030	100.0	100.0
2010-05-25T16-23-56.166	8	6092	100.0	100.0
2010-05-25T16-24-02.260	9	6002	100.0	100.0
2010-05-25T16-24-08.264	10	6189	100.0	100.0
2010-05-25T16-24-14.455	11	6295	100.0	100.0
2010-05-25T16-24-20.752	12	6030	100.0	100.0
2010-05-25T16-24-26.783	13	5991	100.0	100.0
2010-05-25T16-24-32.776	14	7085	100.0	100.0
2010-05-25T16-24-39.863	15	6145	100.0	100.0
2010-05-25T16-24-46.010	16	6318	100.0	100.0
2010-05-25T16-24-52.331	17	6005	100.0	100.0
2010-05-25T16-24-58.338	18	6084	100.0	100.0
2010-05-25T16-25-04.424	19	6296	100.0	100.0
2010-05-25T16-25-10.721	20	6178	100.0	100.0
2010-05-25T16-25-16.901	21	6021	100.0	100.0
2010-05-25T16-25-22.924	22	6086	100.0	100.0
2010-05-25T16-25-29.012	23	5970	100.0	100.0
2010-05-25T16-25-34.984	24	6165	100.0	100.0
2010-05-25T16-25-41.151	25	5967	100.0	100.0
2010-05-25T16-25-47.119	26	6102	100.0	100.0
2010-05-25T16-25-53.223	27	6198	100.0	100.0
2010-05-25T16-25-59.423	28	5999	100.0	100.0
2010-05-25T16-26-05.424	29	5998	100.0	100.0
2010-05-25T16-26-11.424	30	6006	100.0	100.0
2010-05-25T16-26-17.432	31	6006	100.0	100.0
2010-05-25T16-26-23.440	32	5951	100.0	100.0
2010-05-25T16-26-29.393	33	5990	100.0	100.0
2010-05-25T16-26-35.385	34	6045	100.0	100.0
2010-05-25T16-26-41.432	35	6232	100.0	100.0
2010-05-25T16-26-47.666	36	6105	100.0	100.0
2010-05-25T16-26-53.773	37	5985	100.0	100.0
2010-05-25T16-26-59.760	38	6518	100.0	100.0
2010-05-25T16-27-06.280	39	5955	100.0	100.0
2010-05-25T16-27-12.237	40	6663	100.0	100.0
2010-05-25T16-27-18.902	41	6292	100.0	100.0
2010-05-25T16-27-25.196	42	6367	100.0	100.0
2010-05-25T16-27-31.565	43	6209	100.0	100.0
2010-05-25T16-27-37.776	44	6053	100.0	100.0
2010-05-25T16-27-43.830	45	6139	100.0	100.0
2010-05-25T16-27-49.971	46	6022	100.0	100.0
2010-05-25T16-27-55.994	47	6178	100.0	100.0
2010-05-25T16-28-02.174	48	6174	100.0	100.0
2010-05-25T16-28-08.350	49	6082	100.0	100.0
2010-05-25T16-28-14.433	50	5975	100.0	100.0
2010-05-25T16-28-20.410	51	6279	100.0	100.0
2010-05-25T16-28-26.691	52	6380	100.0	100.0
2010-05-25T16-28-33.072	53	6030	100.0	100.0
2010-05-25T16-28-39.104	54	6006	100.0	100.0
2010-05-25T16-28-45.112	55	6357	100.0	100.0
2010-05-25T16-28-51.471	56	6076	100.0	100.0
2010-05-25T16-28-57.549	57	6037	100.0	100.0
2010-05-25T16-29-03.588	58	6037	100.0	100.0
2010-05-25T16-29-09.627	59	6275	100.0	100.0
2010-05-25T16-29-15.904	60	5971	100.0	100.0
2010-05-25T16-29-21.877	61	6045	100.0	100.0
2010-05-25T16-29-27.924	62	6014	100.0	100.0
2010-05-25T16-29-33.940	63	6046	100.0	100.0
2010-05-25T16-29-39.989	64	6441	100.0	100.0
2010-05-25T16-29-46.432	65	6139	100.0	100.0
2010-05-25T16-29-52.572	66	6100	100.0	100.0
2010-05-25T16-29-58.674	67	6365	100.0	100.0
2010-05-25T16-30-05.041	68	6272	100.0	100.0
2010-05-25T16-30-11.315	69	6113	100.0	100.0
2010-05-25T16-30-17.430	70	6163	100.0	100.0
2010-05-25T16-30-23.594	71	6016	100.0	100.0
2010-05-25T16-30-29.612	72	5992	100.0	100.0
2010-05-25T16-30-35.605	73	6153	100.0	100.0
2010-05-25T16-30-41.760	74	5997	100.0	100.0
2010-05-25T16-30-47.759	75	6171	100.0	100.0
2010-05-25T16-30-53.932	76	6015	100.0	100.0
2010-05-25T16-30-59.949	77	6090	100.0	100.0
2010-05-25T16-31-06.041	78	5952	100.0	100.0
2010-05-25T16-31-11.995	79	6037	100.0	100.0
2010-05-25T16-31-18.034	80	6154	100.0	100.0
2010-05-25T16-31-24.190	81	5982	100.0	100.0
2010-05-25T16-31-30.174	82	6233	100.0	100.0
2010-05-25T16-31-36.408	83	5967	100.0	100.0
2010-05-25T16-31-42.377	84	6366	100.0	100.0
2010-05-25T16-31-48.744	85	6053	100.0	100.0
2010-05-25T16-31-54.799	86	6108	100.0	100.0
2010-05-25T16-32-00.908	87	6069	100.0	100.0
2010-05-25T16-32-06.979	88	5992	100.0	100.0
2010-05-25T16-32-12.973	89	5966	100.0	100.0
2010-05-25T16-32-18.941	90	5981	100.0	100.0
2010-05-25T16-32-24.924	91	5976	100.0	100.0
2010-05-25T16-32-30.902	92	6291	100.0	100.0
2010-05-25T16-32-37.195	93	6407	100.0	100.0
2010-05-25T16-32-43.604	94	6068	100.0	100.0
2010-05-25T16-32-49.674	95	5997	100.0	100.0
2010-05-25T16-32-55.673	96	6202	100.0	100.0
2010-05-25T16-33-01.877	97	6069	100.0	100.0
2010-05-25T16-33-07.947	98	5999	100.0	100.0
2010-05-25T16-33-13.947	99	5953	100.0	100.0
2010-05-25T16-33-19.902	100	5974	100.0	100.0
2010-05-25T16-33-25.878	101	5998	100.0	100.0
2010-05-25T16-33-31.877	102	5959	100.0	100.0
2010-05-25T16-33-37.838	103	5958	100.0	100.0
2010-05-25T16-33-43.798	104	6007	100.0	100.0
2010-05-25T16-33-49.807	105	5963	100.0	100.0
2010-05-25T16-33-55.772	106	6080	100.0	100.0
2010-05-25T16-34-01.854	107	6021	100.0	100.0
2010-05-25T16-34-07.877	108	5991	100.0	100.0
2010-05-25T16-34-13.869	109	6045	100.0	100.0
2010-05-25T16-34-19.916	110	6155	100.0	100.0
2010-05-25T16-34-26.073	111	6077	100.0	100.0
2010-05-25T16-34-32.152	112	6137	100.0	100.0
2010-05-25T16-34-38.291	113	5997	100.0	100.0
2010-05-25T16-34-44.290	114	6124	100.0	100.0
2010-05-25T16-34-50.416	115	6045	100.0	100.0
2010-05-25T16-34-56.463	116	6248	100.0	100.0
2010-05-25T16-35-02.713	117	6076	100.0	100.0
2010-05-25T16-35-08.791	118	6225	100.0	100.0
2010-05-25T16-35-15.018	119	6006	100.0	100.0
2010-05-25T16-35-21.026	120	6224	100.0	100.0
2010-05-25T16-35-27.252	121	6100	100.0	100.0
2010-05-25T16-35-33.354	122	6178	100.0	100.0
2010-05-25T16-35-39.533	123	5960	100.0	100.0
2010-05-25T16-35-45.495	124	6210	100.0	100.0
2010-05-25T16-35-51.707	125	6018	100.0	100.0
2010-05-25T16-35-57.727	126	6133	100.0	100.0
2010-05-25T16-36-03.862	127	6091	100.0	100.0
2010-05-25T16-36-09.955	128	6147	100.0	100.0
2010-05-25T16-36-16.104	129	6123	100.0	100.0
2010-05-25T16-36-22.229	130	6443	100.0	100.0
2010-05-25T16-36-28.674	131	5975	100.0	100.0
2010-05-25T16-36-34.651	132	6162	100.0	100.0
2010-05-25T16-36-40.815	133	5982	100.0	100.0
2010-05-25T16-36-46.799	134	5975	100.0	100.0
2010-05-25T16-36-52.776	135	6006	100.0	100.0
2010-05-25T16-36-58.783	136	6100	100.0	100.0
2010-05-25T16-37-04.885	137	6225	100.0	100.0
2010-05-25T16-37-11.112	138	6006	100.0	100.0
2010-05-25T16-37-17.119	139	6171	100.0	100.0
2010-05-25T16-37-23.292	140	5982	100.0	100.0
2010-05-25T16-37-29.276	141	6154	100.0	100.0
2010-05-25T16-37-35.432	142	6178	100.0	100.0
2010-05-25T16-37-41.612	143	6318	100.0	100.0
2010-05-25T16-37-47.932	144	5837	100.0	100.0
2010-05-25T16-37-53.771	145	6217	100.0	100.0
2010-05-25T16-37-59.990	146	5998	100.0	100.0
2010-05-25T16-38-05.990	147	6295	100.0	100.0
2010-05-25T16-38-12.287	148	6217	100.0	100.0
2010-05-25T16-38-18.505	149	6132	100.0	100.0
2010-05-25T16-38-24.639	150	6184	100.0	100.0
2010-05-25T16-38-30.825	151	6132	100.0	100.0
2010-05-25T16-38-36.959	152	6232	100.0	100.0
2010-05-25T16-38-43.193	153	6164	100.0	90.0
2010-05-25T16-38-49.359	154	6200	90.0	90.0
2010-05-25T16-38-55.560	155	6162	90.0	90.0
2010-05-25T16-39-01.724	156	5944	90.0	90.0
2010-05-25T16-39-07.669	157	6202	90.0	90.0
2010-05-25T16-39-13.873	158	5990	90.0	90.0
2010-05-25T16-39-19.865	159	6006	90.0	90.0
2010-05-25T16-39-25.873	160	6068	90.0	90.0
2010-05-25T16-39-31.943	161	6103	90.0	90.0
2010-05-25T16-39-38.047	162	5964	90.0	90.0
2010-05-25T16-39-44.013	163	6108	90.0	90.0
2010-05-25T16-39-50.123	164	6016	90.0	90.0
2010-05-25T16-39-56.141	165	6136	90.0	90.0
2010-05-25T16-40-02.279	166	6068	90.0	90.0
2010-05-25T16-40-08.349	167	6006	90.0	90.0
2010-05-25T16-40-14.357	168	5959	90.0	90.0
2010-05-25T16-40-20.318	169	5997	90.0	90.0
2010-05-25T16-40-26.316	170	6235	90.0	90.0
2010-05-25T16-40-32.552	171	6108	90.0	90.0
2010-05-25T16-40-38.662	172	6217	90.0	90.0
2010-05-25T16-40-44.880	173	6514	90.0	90.0
2010-05-25T16-40-51.396	174	6123	90.0	90.0
2010-05-25T16-40-57.521	175	6014	90.0	90.0
2010-05-25T16-41-03.537	176	5951	90.0	90.0
2010-05-25T16-41-09.490	177	6037	90.0	90.0
2010-05-25T16-41-15.529	178	6147	90.0	90.0
2010-05-25T16-41-21.677	179	6030	90.0	90.0
2010-05-25T16-41-27.709	180	6068	90.0	90.0
2010-05-25T16-41-33.779	181	6053	90.0	90.0
2010-05-25T16-41-39.834	182	6177	90.0	90.0
2010-05-25T16-41-46.012	183	5937	90.0	90.0
2010-05-25T16-41-51.951	184	6060	90.0	90.0
2010-05-25T16-41-58.013	185	6006	90.0	90.0
2010-05-25T16-42-04.021	186	5952	90.0	90.0
2010-05-25T16-42-09.974	187	5999	90.0	90.0
2010-05-25T16-42-15.974	188	6061	90.0	90.0
2010-05-25T16-42-22.037	189	6646	90.0	90.0
2010-05-25T16-42-28.685	190	6225	90.0	90.0
2010-05-25T16-42-34.912	191	6014	90.0	90.0
2010-05-25T16-42-40.928	192	5974	90.0	90.0
2010-05-25T16-42-46.904	193	6040	90.0	90.0
2010-05-25T16-42-52.946	194	6206	90.0	90.0
2010-05-25T16-42-59.154	195	6920	90.0	90.0
2010-05-25T16-43-06.076	196	6248	90.0	90.0
2010-05-25T16-43-12.326	197	6045	90.0	90.0
2010-05-25T16-43-18.373	198	6085	90.0	90.0
2010-05-25T16-43-24.460	199	6059	90.0	90.0
