2010-05-25T17-51-23.506	0	6192	90.0	90.0
2010-05-25T17-51-29.700	1	6532	90.0	90.0
2010-05-25T17-51-36.233	2	6163	90.0	90.0
2010-05-25T17-51-42.397	3	6022	90.0	90.0
2010-05-25T17-51-48.421	4	6029	90.0	90.0
2010-05-25T17-51-54.452	5	6030	90.0	90.0
2010-05-25T17-52-00.484	6	6169	90.0	90.0
2010-05-25T17-52-06.655	7	6537	90.0	90.0
2010-05-25T17-52-13.194	8	6116	90.0	90.0
2010-05-25T17-52-19.312	9	6059	90.0	90.0
2010-05-25T17-52-25.373	10	6062	90.0	90.0
2010-05-25T17-52-31.437	11	6085	90.0	90.0
2010-05-25T17-52-37.524	12	6164	90.0	90.0
2010-05-25T17-52-43.690	13	6416	90.0	90.0
2010-05-25T17-52-50.108	14	6053	90.0	90.0
2010-05-25T17-52-56.163	15	6078	90.0	90.0
2010-05-25T17-53-02.243	16	6073	90.0	90.0
2010-05-25T17-53-08.318	17	6039	90.0	90.0
2010-05-25T17-53-14.358	18	6201	90.0	90.0
2010-05-25T17-53-20.561	19	6428	90.0	90.0
2010-05-25T17-53-26.991	20	6116	90.0	90.0
2010-05-25T17-53-33.108	21	6069	90.0	90.0
2010-05-25T17-53-39.179	22	6069	90.0	90.0
2010-05-25T17-53-45.250	23	6083	90.0	90.0
2010-05-25T17-53-51.335	24	6225	90.0	90.0
2010-05-25T17-53-57.562	25	6455	90.0	90.0
2010-05-25T17-54-04.019	26	6205	90.0	90.0
2010-05-25T17-54-10.226	27	6084	90.0	90.0
2010-05-25T17-54-16.312	28	6240	90.0	90.0
2010-05-25T17-54-22.554	29	6123	90.0	90.0
2010-05-25T17-54-28.679	30	6123	90.0	90.0
2010-05-25T17-54-34.804	31	6412	90.0	90.0
2010-05-25T17-54-41.218	32	6123	90.0	90.0
2010-05-25T17-54-47.343	33	6076	90.0	90.0
2010-05-25T17-54-53.421	34	6123	90.0	90.0
2010-05-25T17-54-59.546	35	6060	90.0	90.0
2010-05-25T17-55-05.608	36	6131	90.0	90.0
2010-05-25T17-55-11.741	37	6373	90.0	90.0
2010-05-25T17-55-18.116	38	6014	90.0	90.0
2010-05-25T17-55-24.132	39	6014	90.0	90.0
2010-05-25T17-55-30.147	40	6077	90.0	90.0
2010-05-25T17-55-36.226	41	6240	90.0	90.0
2010-05-25T17-55-42.468	42	6011	90.0	90.0
2010-05-25T17-55-48.481	43	6212	90.0	90.0
2010-05-25T17-55-54.695	44	6029	90.0	90.0
2010-05-25T17-56-00.726	45	6232	90.0	90.0
2010-05-25T17-56-06.960	46	6006	90.0	90.0
2010-05-25T17-56-12.968	47	5999	90.0	90.0
2010-05-25T17-56-18.969	48	6169	90.0	90.0
2010-05-25T17-56-25.140	49	5967	90.0	90.0
2010-05-25T17-56-31.109	50	6077	90.0	90.0
2010-05-25T17-56-37.188	51	5999	90.0	90.0
2010-05-25T17-56-43.189	52	5988	90.0	90.0
2010-05-25T17-56-49.179	53	5990	90.0	90.0
2010-05-25T17-56-55.171	54	6053	90.0	90.0
2010-05-25T17-57-01.226	55	5984	90.0	90.0
2010-05-25T17-57-07.212	56	5988	90.0	90.0
2010-05-25T17-57-13.202	57	6022	90.0	90.0
2010-05-25T17-57-19.226	58	5998	90.0	90.0
2010-05-25T17-57-25.226	59	6037	90.0	90.0
2010-05-25T17-57-31.265	60	6154	90.0	90.0
2010-05-25T17-57-37.421	61	6053	90.0	90.0
2010-05-25T17-57-43.476	62	6021	90.0	90.0
2010-05-25T17-57-49.499	63	6022	90.0	90.0
2010-05-25T17-57-55.522	64	6022	90.0	90.0
2010-05-25T17-58-01.546	65	6076	90.0	90.0
2010-05-25T17-58-07.624	66	5997	90.0	90.0
2010-05-25T17-58-13.623	67	6030	90.0	90.0
2010-05-25T17-58-19.655	68	5998	90.0	90.0
2010-05-25T17-58-25.655	69	6030	90.0	90.0
2010-05-25T17-58-31.687	70	5998	90.0	90.0
2010-05-25T17-58-37.687	71	6037	90.0	90.0
2010-05-25T17-58-43.726	72	5998	90.0	90.0
2010-05-25T17-58-49.726	73	6224	90.0	90.0
2010-05-25T17-58-55.952	74	6030	90.0	90.0
2010-05-25T17-59-01.983	75	6202	90.0	90.0
2010-05-25T17-59-08.187	76	6012	90.0	90.0
2010-05-25T17-59-14.201	77	6226	90.0	90.0
2010-05-25T17-59-20.429	78	5990	90.0	90.0
2010-05-25T17-59-26.421	79	6029	90.0	90.0
2010-05-25T17-59-32.452	80	5991	90.0	90.0
2010-05-25T17-59-38.445	81	6208	90.0	90.0
2010-05-25T17-59-44.655	82	5990	90.0	90.0
2010-05-25T17-59-50.647	83	6217	90.0	90.0
2010-05-25T17-59-56.866	84	6038	90.0	90.0
2010-05-25T18-00-02.905	85	6225	90.0	90.0
2010-05-25T18-00-09.132	86	6009	90.0	90.0
2010-05-25T18-00-15.143	87	6268	90.0	90.0
2010-05-25T18-00-21.413	88	5990	90.0	90.0
2010-05-25T18-00-27.405	89	6038	90.0	90.0
2010-05-25T18-00-33.444	90	6008	90.0	90.0
2010-05-25T18-00-39.454	91	6020	90.0	90.0
2010-05-25T18-00-45.476	92	6178	90.0	90.0
2010-05-25T18-00-51.655	93	5985	90.0	90.0
2010-05-25T18-00-57.641	94	6105	90.0	90.0
2010-05-25T18-01-03.748	95	5985	90.0	90.0
2010-05-25T18-01-09.735	96	6036	90.0	90.0
2010-05-25T18-01-15.772	97	6006	90.0	90.0
2010-05-25T18-01-21.780	98	6053	90.0	90.0
2010-05-25T18-01-27.835	99	6006	90.0	90.0
2010-05-25T18-01-33.843	100	6060	90.0	90.0
2010-05-25T18-01-39.905	101	6031	90.0	90.0
2010-05-25T18-01-45.938	102	6044	90.0	90.0
2010-05-25T18-01-51.984	103	5990	90.0	90.0
2010-05-25T18-01-57.976	104	6307	90.0	90.0
2010-05-25T18-02-04.285	105	6204	90.0	90.0
2010-05-25T18-02-10.491	106	5991	90.0	90.0
2010-05-25T18-02-16.483	107	5977	90.0	90.0
2010-05-25T18-02-22.462	108	5981	90.0	90.0
2010-05-25T18-02-28.444	109	6022	90.0	90.0
2010-05-25T18-02-34.468	110	5992	90.0	90.0
2010-05-25T18-02-40.462	111	5972	90.0	90.0
2010-05-25T18-02-46.436	112	6069	90.0	90.0
2010-05-25T18-02-52.507	113	6029	90.0	90.0
2010-05-25T18-02-58.538	114	6101	90.0	90.0
2010-05-25T18-03-04.641	115	5996	90.0	90.0
2010-05-25T18-03-10.639	116	6094	90.0	90.0
2010-05-25T18-03-16.735	117	6200	90.0	90.0
2010-05-25T18-03-22.937	118	6060	90.0	90.0
2010-05-25T18-03-28.999	119	6225	90.0	90.0
2010-05-25T18-03-35.226	120	6085	90.0	90.0
2010-05-25T18-03-41.313	121	5997	90.0	90.0
2010-05-25T18-03-47.312	122	5999	90.0	90.0
2010-05-25T18-03-53.313	123	6044	90.0	90.0
2010-05-25T18-03-59.359	124	6021	90.0	90.0
2010-05-25T18-04-05.382	125	5989	90.0	90.0
2010-05-25T18-04-11.373	126	5999	90.0	90.0
2010-05-25T18-04-17.374	127	6029	90.0	90.0
2010-05-25T18-04-23.405	128	6006	90.0	90.0
2010-05-25T18-04-29.413	129	6131	90.0	90.0
2010-05-25T18-04-35.546	130	6005	90.0	90.0
2010-05-25T18-04-41.553	131	6147	90.0	90.0
2010-05-25T18-04-47.702	132	6365	90.0	90.0
2010-05-25T18-04-54.069	133	6155	90.0	90.0
2010-05-25T18-05-00.226	134	6011	90.0	90.0
2010-05-25T18-05-06.239	135	6110	90.0	90.0
2010-05-25T18-05-12.351	136	6022	90.0	90.0
2010-05-25T18-05-18.375	137	6107	90.0	90.0
2010-05-25T18-05-24.483	138	6374	90.0	90.0
2010-05-25T18-05-30.859	139	6130	90.0	90.0
2010-05-25T18-05-36.991	140	6014	90.0	90.0
2010-05-25T18-05-43.007	141	6123	90.0	90.0
2010-05-25T18-05-49.132	142	6061	90.0	90.0
2010-05-25T18-05-55.195	143	6162	90.0	90.0
2010-05-25T18-06-01.358	144	6358	90.0	90.0
2010-05-25T18-06-07.718	145	6146	90.0	90.0
2010-05-25T18-06-13.866	146	6045	90.0	90.0
2010-05-25T18-06-19.913	147	6101	90.0	90.0
2010-05-25T18-06-26.016	148	6036	90.0	90.0
2010-05-25T18-06-32.054	149	6092	90.0	90.0
2010-05-25T18-06-38.147	150	6366	90.0	90.0
2010-05-25T18-06-44.515	151	6123	90.0	90.0
2010-05-25T18-06-50.640	152	6006	90.0	90.0
2010-05-25T18-06-56.648	153	6123	90.0	90.0
2010-05-25T18-07-02.773	154	6001	90.0	90.0
2010-05-25T18-07-08.776	155	6151	90.0	90.0
2010-05-25T18-07-14.929	156	6428	90.0	90.0
2010-05-25T18-07-21.359	157	6120	90.0	90.0
2010-05-25T18-07-27.481	158	5993	90.0	90.0
2010-05-25T18-07-33.476	159	6224	90.0	90.0
2010-05-25T18-07-39.702	160	6030	90.0	90.0
2010-05-25T18-07-45.734	161	6107	90.0	90.0
2010-05-25T18-07-51.843	162	6348	90.0	90.0
2010-05-25T18-07-58.193	163	6117	90.0	90.0
2010-05-25T18-08-04.312	164	5984	90.0	90.0
2010-05-25T18-08-10.298	165	6105	90.0	90.0
2010-05-25T18-08-16.405	166	6069	90.0	90.0
2010-05-25T18-08-22.476	167	6107	90.0	90.0
2010-05-25T18-08-28.585	168	6383	90.0	90.0
2010-05-25T18-08-34.970	169	6082	90.0	90.0
2010-05-25T18-08-41.054	170	5997	90.0	90.0
2010-05-25T18-08-47.053	171	6108	90.0	90.0
2010-05-25T18-08-53.163	172	4073	90.0	90.0
2010-05-25T18-08-57.238	173	6790	90.0	90.0
2010-05-25T18-09-04.030	174	6724	90.0	90.0
2010-05-25T18-09-10.756	175	6748	90.0	90.0
2010-05-25T18-09-17.506	176	6897	90.0	90.0
2010-05-25T18-09-24.405	177	5991	90.0	90.0
2010-05-25T18-09-30.398	178	5989	90.0	90.0
2010-05-25T18-09-36.389	179	6146	90.0	90.0
2010-05-25T18-09-42.537	180	6035	90.0	80.0
2010-05-25T18-09-48.574	181	6313	80.0	80.0
2010-05-25T18-09-54.889	182	6021	80.0	80.0
2010-05-25T18-10-00.912	183	6116	80.0	80.0
2010-05-25T18-10-07.030	184	6380	80.0	80.0
2010-05-25T18-10-13.412	185	6022	80.0	80.0
2010-05-25T18-10-19.436	186	6732	80.0	80.0
2010-05-25T18-10-26.170	187	6092	80.0	80.0
2010-05-25T18-10-32.264	188	6006	80.0	80.0
2010-05-25T18-10-38.272	189	6100	80.0	80.0
2010-05-25T18-10-44.374	190	6060	80.0	80.0
2010-05-25T18-10-50.436	191	6107	80.0	80.0
2010-05-25T18-10-56.545	192	6045	80.0	80.0
2010-05-25T18-11-02.592	193	6100	80.0	80.0
2010-05-25T18-11-08.694	194	6374	80.0	80.0
2010-05-25T18-11-15.071	195	6129	80.0	80.0
2010-05-25T18-11-21.202	196	6873	80.0	80.0
2010-05-25T18-11-28.076	197	6014	80.0	80.0
2010-05-25T18-11-34.092	198	6037	80.0	80.0
2010-05-25T18-11-40.131	199	6116	80.0	80.0
