2010-05-25T19-35-31.239	0	6018	80.0	80.0
2010-05-25T19-35-37.259	1	6021	80.0	80.0
2010-05-25T19-35-43.282	2	6209	80.0	80.0
2010-05-25T19-35-49.493	3	6115	80.0	80.0
2010-05-25T19-35-55.610	4	6225	80.0	80.0
2010-05-25T19-36-01.837	5	6139	80.0	80.0
2010-05-25T19-36-07.978	6	6201	80.0	80.0
2010-05-25T19-36-14.181	7	5976	80.0	80.0
2010-05-25T19-36-20.159	8	6090	80.0	80.0
2010-05-25T19-36-26.251	9	5984	80.0	80.0
2010-05-25T19-36-32.237	10	6262	80.0	80.0
2010-05-25T19-36-38.501	11	6273	80.0	80.0
2010-05-25T19-36-44.776	12	6291	80.0	80.0
2010-05-25T19-36-51.069	13	6227	80.0	80.0
2010-05-25T19-36-57.298	14	6256	80.0	80.0
2010-05-25T19-37-03.556	15	5943	80.0	80.0
2010-05-25T19-37-09.501	16	6209	80.0	80.0
2010-05-25T19-37-15.712	17	5982	80.0	80.0
2010-05-25T19-37-21.696	18	6006	80.0	80.0
2010-05-25T19-37-27.704	19	5951	80.0	80.0
2010-05-25T19-37-33.657	20	6209	80.0	80.0
2010-05-25T19-37-39.868	21	5951	80.0	80.0
2010-05-25T19-37-45.821	22	5998	80.0	80.0
2010-05-25T19-37-51.821	23	6006	80.0	80.0
2010-05-25T19-37-57.829	24	6029	80.0	80.0
2010-05-25T19-38-03.860	25	5936	80.0	80.0
2010-05-25T19-38-09.798	26	5988	80.0	80.0
2010-05-25T19-38-15.788	27	5961	80.0	80.0
2010-05-25T19-38-21.751	28	5967	80.0	80.0
2010-05-25T19-38-27.720	29	6021	80.0	80.0
2010-05-25T19-38-33.743	30	6030	80.0	80.0
2010-05-25T19-38-39.775	31	5966	80.0	80.0
2010-05-25T19-38-45.743	32	6061	80.0	80.0
2010-05-25T19-38-51.806	33	5936	80.0	80.0
2010-05-25T19-38-57.743	34	6014	80.0	80.0
2010-05-25T19-39-03.759	35	5974	80.0	80.0
2010-05-25T19-39-09.735	36	5967	80.0	80.0
2010-05-25T19-39-15.704	37	5944	80.0	80.0
2010-05-25T19-39-21.650	38	5920	80.0	80.0
2010-05-25T19-39-27.572	39	5999	80.0	80.0
2010-05-25T19-39-33.573	40	5950	80.0	80.0
2010-05-25T19-39-39.525	41	6060	80.0	80.0
2010-05-25T19-39-45.587	42	5951	80.0	80.0
2010-05-25T19-39-51.540	43	5975	80.0	80.0
2010-05-25T19-39-57.517	44	6139	80.0	80.0
2010-05-25T19-40-03.658	45	6443	80.0	80.0
2010-05-25T19-40-10.103	46	6005	80.0	80.0
2010-05-25T19-40-16.109	47	6148	80.0	80.0
2010-05-25T19-40-22.259	48	5961	80.0	80.0
2010-05-25T19-40-28.221	49	5981	80.0	80.0
2010-05-25T19-40-34.204	50	5936	80.0	80.0
2010-05-25T19-40-40.142	51	6013	80.0	80.0
2010-05-25T19-40-46.157	52	5928	80.0	80.0
2010-05-25T19-40-52.087	53	6037	80.0	80.0
2010-05-25T19-40-58.126	54	5969	80.0	80.0
2010-05-25T19-41-04.097	55	6004	80.0	80.0
2010-05-25T19-41-10.103	56	5975	80.0	80.0
2010-05-25T19-41-16.080	57	5983	80.0	80.0
2010-05-25T19-41-22.065	58	5918	80.0	80.0
2010-05-25T19-41-27.985	59	6030	80.0	80.0
2010-05-25T19-41-34.017	60	5990	80.0	80.0
2010-05-25T19-41-40.009	61	6006	80.0	80.0
2010-05-25T19-41-46.017	62	5927	80.0	80.0
2010-05-25T19-41-51.946	63	5998	80.0	80.0
2010-05-25T19-41-57.946	64	5999	80.0	80.0
2010-05-25T19-42-03.947	65	6044	80.0	80.0
2010-05-25T19-42-09.993	66	5928	80.0	80.0
2010-05-25T19-42-15.923	67	6006	80.0	80.0
2010-05-25T19-42-21.931	68	6013	80.0	80.0
2010-05-25T19-42-27.946	69	5983	80.0	80.0
2010-05-25T19-42-33.931	70	5990	80.0	80.0
2010-05-25T19-42-39.923	71	6053	80.0	80.0
2010-05-25T19-42-45.978	72	6006	80.0	80.0
2010-05-25T19-42-51.986	73	5976	80.0	80.0
2010-05-25T19-42-57.964	74	5987	80.0	80.0
2010-05-25T19-43-03.953	75	5992	80.0	80.0
2010-05-25T19-43-09.946	76	5984	80.0	80.0
2010-05-25T19-43-15.932	77	6020	80.0	80.0
2010-05-25T19-43-21.954	78	5990	80.0	80.0
2010-05-25T19-43-27.946	79	6006	80.0	80.0
2010-05-25T19-43-33.954	80	5992	80.0	80.0
2010-05-25T19-43-39.948	81	6028	80.0	80.0
2010-05-25T19-43-45.978	82	5998	80.0	80.0
2010-05-25T19-43-51.978	83	6037	80.0	80.0
2010-05-25T19-43-58.017	84	5959	80.0	80.0
2010-05-25T19-44-03.978	85	5959	80.0	80.0
2010-05-25T19-44-09.939	86	5943	80.0	80.0
2010-05-25T19-44-15.884	87	5959	80.0	80.0
2010-05-25T19-44-21.845	88	5920	80.0	80.0
2010-05-25T19-44-27.767	89	5998	80.0	80.0
2010-05-25T19-44-33.767	90	5959	80.0	80.0
2010-05-25T19-44-39.728	91	6013	80.0	80.0
2010-05-25T19-44-45.743	92	5951	80.0	80.0
2010-05-25T19-44-51.696	93	5959	80.0	80.0
2010-05-25T19-44-57.657	94	5967	80.0	80.0
2010-05-25T19-45-03.626	95	6006	80.0	80.0
2010-05-25T19-45-09.634	96	5929	80.0	80.0
2010-05-25T19-45-15.564	97	5951	80.0	80.0
2010-05-25T19-45-21.517	98	5935	80.0	80.0
2010-05-25T19-45-27.454	99	5944	80.0	80.0
2010-05-25T19-45-33.399	100	5929	80.0	80.0
2010-05-25T19-45-39.330	101	6028	80.0	80.0
2010-05-25T19-45-45.360	102	5928	80.0	80.0
2010-05-25T19-45-51.290	103	5928	80.0	80.0
2010-05-25T19-45-57.220	104	5984	80.0	80.0
2010-05-25T19-46-03.206	105	5949	80.0	80.0
2010-05-25T19-46-09.157	106	5928	80.0	80.0
2010-05-25T19-46-15.087	107	6006	80.0	80.0
2010-05-25T19-46-21.095	108	5943	80.0	80.0
2010-05-25T19-46-27.040	109	6030	80.0	80.0
2010-05-25T19-46-33.071	110	5982	80.0	80.0
2010-05-25T19-46-39.055	111	5977	80.0	80.0
2010-05-25T19-46-45.034	112	5926	80.0	80.0
2010-05-25T19-46-50.962	113	6014	80.0	80.0
2010-05-25T19-46-56.978	114	6004	80.0	80.0
2010-05-25T19-47-02.984	115	5984	80.0	80.0
2010-05-25T19-47-08.970	116	5967	80.0	80.0
2010-05-25T19-47-14.939	117	5984	80.0	80.0
2010-05-25T19-47-20.925	118	5934	80.0	80.0
2010-05-25T19-47-26.861	119	6013	80.0	80.0
2010-05-25T19-47-32.876	120	6006	80.0	80.0
2010-05-25T19-47-38.884	121	5976	80.0	80.0
2010-05-25T19-47-44.862	122	5934	80.0	80.0
2010-05-25T19-47-50.798	123	6006	80.0	80.0
2010-05-25T19-47-56.806	124	5968	80.0	80.0
2010-05-25T19-48-02.776	125	6028	80.0	80.0
2010-05-25T19-48-08.806	126	5927	80.0	80.0
2010-05-25T19-48-14.735	127	5991	80.0	80.0
2010-05-25T19-48-20.728	128	5935	80.0	80.0
2010-05-25T19-48-26.665	129	6008	80.0	80.0
2010-05-25T19-48-32.675	130	5965	80.0	80.0
2010-05-25T19-48-38.642	131	6052	80.0	80.0
2010-05-25T19-48-44.696	132	5969	80.0	80.0
2010-05-25T19-48-50.667	133	5974	80.0	80.0
2010-05-25T19-48-56.643	134	6005	80.0	80.0
2010-05-25T19-49-02.649	135	5975	80.0	80.0
2010-05-25T19-49-08.626	136	5959	80.0	80.0
2010-05-25T19-49-14.587	137	6053	80.0	80.0
2010-05-25T19-49-20.642	138	5976	80.0	80.0
2010-05-25T19-49-26.620	139	5989	80.0	80.0
2010-05-25T19-49-32.611	140	5975	80.0	80.0
2010-05-25T19-49-38.588	141	5989	80.0	80.0
2010-05-25T19-49-44.579	142	5967	80.0	80.0
2010-05-25T19-49-50.548	143	6225	80.0	80.0
2010-05-25T19-49-56.775	144	5998	80.0	80.0
2010-05-25T19-50-02.775	145	6170	80.0	80.0
2010-05-25T19-50-08.947	146	5966	80.0	80.0
2010-05-25T19-50-14.915	147	6187	80.0	80.0
2010-05-25T19-50-21.104	148	5970	80.0	80.0
2010-05-25T19-50-27.076	149	6081	80.0	80.0
2010-05-25T19-50-33.159	150	5981	80.0	80.0
2010-05-25T19-50-39.142	151	5982	80.0	80.0
2010-05-25T19-50-45.126	152	5976	80.0	80.0
2010-05-25T19-50-51.104	153	5982	80.0	80.0
2010-05-25T19-50-57.088	154	6005	80.0	80.0
2010-05-25T19-51-03.095	155	6248	80.0	80.0
2010-05-25T19-51-09.345	156	6014	80.0	80.0
2010-05-25T19-51-15.361	157	6185	80.0	80.0
2010-05-25T19-51-21.548	158	6014	80.0	80.0
2010-05-25T19-51-27.564	159	5998	80.0	80.0
2010-05-25T19-51-33.564	160	6006	80.0	80.0
2010-05-25T19-51-39.572	161	6006	80.0	80.0
2010-05-25T19-51-45.580	162	6013	80.0	80.0
2010-05-25T19-51-51.595	163	5943	80.0	80.0
2010-05-25T19-51-57.540	164	6037	80.0	80.0
2010-05-25T19-52-03.579	165	5944	80.0	80.0
2010-05-25T19-52-09.525	166	6013	80.0	80.0
2010-05-25T19-52-15.540	167	5988	80.0	80.0
2010-05-25T19-52-21.530	168	6001	80.0	80.0
2010-05-25T19-52-27.532	169	5944	80.0	80.0
2010-05-25T19-52-33.478	170	6006	80.0	80.0
2010-05-25T19-52-39.486	171	5935	80.0	80.0
2010-05-25T19-52-45.423	172	6006	80.0	80.0
2010-05-25T19-52-51.431	173	6013	80.0	80.0
2010-05-25T19-52-57.446	174	6014	80.0	80.0
2010-05-25T19-53-03.462	175	5936	80.0	80.0
2010-05-25T19-53-09.400	176	6013	80.0	80.0
2010-05-25T19-53-15.415	177	5936	80.0	80.0
2010-05-25T19-53-21.353	178	6003	80.0	70.0
2010-05-25T19-53-27.358	179	5993	70.0	70.0
2010-05-25T19-53-33.353	180	6013	70.0	70.0
2010-05-25T19-53-39.368	181	5928	70.0	70.0
2010-05-25T19-53-45.298	182	5975	70.0	70.0
2010-05-25T19-53-51.275	183	5927	70.0	70.0
2010-05-25T19-53-57.204	184	5990	70.0	70.0
2010-05-25T19-54-03.196	185	5995	70.0	70.0
2010-05-25T19-54-09.193	186	5931	70.0	70.0
2010-05-25T19-54-15.126	187	5967	70.0	70.0
2010-05-25T19-54-21.095	188	5959	70.0	70.0
2010-05-25T19-54-27.056	189	5943	70.0	70.0
2010-05-25T19-54-33.001	190	5936	70.0	70.0
2010-05-25T19-54-38.939	191	6006	70.0	70.0
2010-05-25T19-54-44.947	192	5927	70.0	70.0
2010-05-25T19-54-50.876	193	5951	70.0	70.0
2010-05-25T19-54-56.830	194	6161	70.0	70.0
2010-05-25T19-55-02.993	195	6045	70.0	70.0
2010-05-25T19-55-09.040	196	5991	70.0	70.0
2010-05-25T19-55-15.033	197	5927	70.0	70.0
2010-05-25T19-55-20.962	198	5959	70.0	70.0
2010-05-25T19-55-26.923	199	5990	70.0	70.0
