2010-05-26T00-29-12.854	0	22726	70.0	60.0
2010-05-26T00-29-35.585	1	8573	60.0	60.0
2010-05-26T00-29-44.162	2	8472	60.0	60.0
2010-05-26T00-29-52.637	3	9084	60.0	60.0
2010-05-26T00-30-01.725	4	8496	60.0	60.0
2010-05-26T00-30-10.226	5	8488	60.0	60.0
2010-05-26T00-30-18.719	6	8541	60.0	60.0
2010-05-26T00-30-27.265	7	8430	60.0	60.0
2010-05-26T00-30-35.699	8	8522	60.0	60.0
2010-05-26T00-30-44.226	9	9096	60.0	60.0
2010-05-26T00-30-53.327	10	8450	60.0	60.0
2010-05-26T00-31-01.781	11	8518	60.0	60.0
2010-05-26T00-31-10.303	12	8738	60.0	60.0
2010-05-26T00-31-19.046	13	8550	60.0	60.0
2010-05-26T00-31-27.601	14	8542	60.0	60.0
2010-05-26T00-31-36.147	15	8470	60.0	60.0
2010-05-26T00-31-44.621	16	8483	60.0	60.0
2010-05-26T00-31-53.109	17	8429	60.0	60.0
2010-05-26T00-32-01.542	18	8536	60.0	60.0
2010-05-26T00-32-10.082	19	8483	60.0	60.0
2010-05-26T00-32-18.569	20	8535	60.0	60.0
2010-05-26T00-32-27.109	21	8509	60.0	60.0
2010-05-26T00-32-35.622	22	8521	60.0	60.0
2010-05-26T00-32-44.147	23	8492	60.0	60.0
2010-05-26T00-32-52.643	24	8562	60.0	60.0
2010-05-26T00-33-01.210	25	8470	60.0	60.0
2010-05-26T00-33-09.683	26	8459	60.0	60.0
2010-05-26T00-33-18.147	27	8434	60.0	60.0
2010-05-26T00-33-26.585	28	8536	60.0	60.0
2010-05-26T00-33-35.126	29	8495	60.0	60.0
2010-05-26T00-33-43.625	30	8565	60.0	60.0
2010-05-26T00-33-52.194	31	8527	60.0	60.0
2010-05-26T00-34-00.726	32	8456	60.0	60.0
2010-05-26T00-34-09.187	33	9041	60.0	60.0
2010-05-26T00-34-18.233	34	8429	60.0	60.0
2010-05-26T00-34-26.666	35	8602	60.0	60.0
2010-05-26T00-34-35.273	36	22276	60.0	60.0
2010-05-26T00-34-57.554	37	8511	60.0	60.0
2010-05-26T00-35-06.070	38	8434	60.0	60.0
2010-05-26T00-35-14.508	39	8535	60.0	60.0
2010-05-26T00-35-23.048	40	8516	60.0	60.0
2010-05-26T00-35-31.569	41	8598	60.0	60.0
2010-05-26T00-35-40.172	42	8392	60.0	60.0
2010-05-26T00-35-48.568	43	8557	60.0	60.0
2010-05-26T00-35-57.129	44	8459	60.0	60.0
2010-05-26T00-36-05.593	45	8496	60.0	60.0
2010-05-26T00-36-14.093	46	8492	60.0	60.0
2010-05-26T00-36-22.589	47	8576	60.0	60.0
2010-05-26T00-36-31.169	48	8437	60.0	60.0
2010-05-26T00-36-39.611	49	8478	60.0	60.0
2010-05-26T00-36-48.093	50	8476	60.0	60.0
2010-05-26T00-36-56.573	51	8473	60.0	60.0
2010-05-26T00-37-05.051	52	8497	60.0	60.0
2010-05-26T00-37-13.552	53	8557	60.0	60.0
2010-05-26T00-37-22.113	54	8474	60.0	60.0
2010-05-26T00-37-30.591	55	8496	60.0	60.0
2010-05-26T00-37-39.091	56	8497	60.0	60.0
2010-05-26T00-37-47.593	57	8496	60.0	60.0
2010-05-26T00-37-56.093	58	8515	60.0	60.0
2010-05-26T00-38-04.612	59	8523	60.0	60.0
2010-05-26T00-38-13.140	60	8429	60.0	60.0
2010-05-26T00-38-21.572	61	8537	60.0	60.0
2010-05-26T00-38-30.113	62	8538	60.0	60.0
2010-05-26T00-38-38.656	63	8534	60.0	60.0
2010-05-26T00-38-47.195	64	8494	60.0	60.0
2010-05-26T00-38-55.694	65	8559	60.0	60.0
2010-05-26T00-39-04.257	66	8414	60.0	60.0
2010-05-26T00-39-12.675	67	8522	60.0	60.0
2010-05-26T00-39-21.202	68	8429	60.0	60.0
2010-05-26T00-39-29.635	69	8547	60.0	60.0
2010-05-26T00-39-38.186	70	8466	60.0	60.0
2010-05-26T00-39-46.657	71	8517	60.0	60.0
2010-05-26T00-39-55.179	72	8453	60.0	60.0
2010-05-26T00-40-03.635	73	8539	60.0	60.0
2010-05-26T00-40-12.178	74	8534	60.0	60.0
2010-05-26T00-40-20.716	75	8560	60.0	60.0
2010-05-26T00-40-29.281	76	8492	60.0	60.0
2010-05-26T00-40-37.777	77	8585	60.0	60.0
2010-05-26T00-40-46.366	78	8613	60.0	60.0
2010-05-26T00-40-54.984	79	8389	60.0	60.0
2010-05-26T00-41-03.377	80	9101	60.0	60.0
2010-05-26T00-41-12.483	81	8575	60.0	60.0
2010-05-26T00-41-21.062	82	8412	60.0	60.0
2010-05-26T00-41-29.479	83	8535	60.0	60.0
2010-05-26T00-41-38.018	84	8499	60.0	60.0
2010-05-26T00-41-46.522	85	8535	60.0	60.0
2010-05-26T00-41-55.061	86	8475	60.0	60.0
2010-05-26T00-42-03.540	87	8556	60.0	60.0
2010-05-26T00-42-12.100	88	8480	60.0	60.0
2010-05-26T00-42-20.585	89	8535	60.0	60.0
2010-05-26T00-42-29.125	90	8472	60.0	60.0
2010-05-26T00-42-37.602	91	8494	60.0	60.0
2010-05-26T00-42-46.101	92	8495	60.0	60.0
2010-05-26T00-42-54.601	93	8519	60.0	60.0
2010-05-26T00-43-03.124	94	8413	60.0	60.0
2010-05-26T00-43-11.541	95	8498	60.0	60.0
2010-05-26T00-43-20.043	96	9256	60.0	60.0
2010-05-26T00-43-29.304	97	8435	60.0	60.0
2010-05-26T00-43-37.743	98	8587	60.0	60.0
2010-05-26T00-43-46.335	99	8404	60.0	60.0
2010-05-26T00-43-54.744	100	8540	60.0	60.0
2010-05-26T00-44-03.288	101	8431	60.0	60.0
2010-05-26T00-44-11.723	102	8576	60.0	60.0
2010-05-26T00-44-20.303	103	8458	60.0	60.0
2010-05-26T00-44-28.766	104	8542	60.0	60.0
2010-05-26T00-44-37.312	105	8468	60.0	60.0
2010-05-26T00-44-45.784	106	8539	60.0	60.0
2010-05-26T00-44-54.328	107	8432	60.0	60.0
2010-05-26T00-45-02.765	108	8557	60.0	60.0
2010-05-26T00-45-11.327	109	8474	60.0	60.0
2010-05-26T00-45-19.805	110	8541	60.0	60.0
2010-05-26T00-45-28.351	111	8470	60.0	60.0
2010-05-26T00-45-36.825	112	8482	60.0	60.0
2010-05-26T00-45-45.312	113	8410	60.0	60.0
2010-05-26T00-45-53.726	114	8605	60.0	60.0
2010-05-26T00-46-02.336	115	8486	60.0	60.0
2010-05-26T00-46-10.827	116	8558	60.0	60.0
2010-05-26T00-46-19.390	117	8550	60.0	60.0
2010-05-26T00-46-27.944	118	8420	60.0	60.0
2010-05-26T00-46-36.368	119	8455	60.0	60.0
2010-05-26T00-46-44.828	120	8577	60.0	60.0
2010-05-26T00-46-53.407	121	8564	60.0	60.0
2010-05-26T00-47-01.975	122	8449	60.0	60.0
2010-05-26T00-47-10.429	123	8815	60.0	60.0
2010-05-26T00-47-19.249	124	8477	60.0	60.0
2010-05-26T00-47-27.730	125	8523	60.0	60.0
2010-05-26T00-47-36.257	126	8468	60.0	60.0
2010-05-26T00-47-44.729	127	8562	60.0	60.0
2010-05-26T00-47-53.296	128	8431	60.0	60.0
2010-05-26T00-48-01.731	129	8521	60.0	60.0
2010-05-26T00-48-10.257	130	8409	60.0	60.0
2010-05-26T00-48-18.671	131	8620	60.0	60.0
2010-05-26T00-48-27.296	132	8450	60.0	60.0
2010-05-26T00-48-35.751	133	8580	60.0	60.0
2010-05-26T00-48-44.336	134	8431	60.0	60.0
2010-05-26T00-48-52.772	135	8543	60.0	60.0
2010-05-26T00-49-01.320	136	8389	60.0	60.0
2010-05-26T00-49-09.712	137	8541	60.0	60.0
2010-05-26T00-49-18.257	138	8531	60.0	60.0
2010-05-26T00-49-26.792	139	8499	60.0	60.0
2010-05-26T00-49-35.296	140	8473	60.0	60.0
2010-05-26T00-49-43.774	141	8478	60.0	60.0
2010-05-26T00-49-52.257	142	8432	60.0	60.0
2010-05-26T00-50-00.693	143	8520	60.0	60.0
2010-05-26T00-50-09.218	144	8532	60.0	60.0
2010-05-26T00-50-17.754	145	8522	60.0	60.0
2010-05-26T00-50-26.280	146	8470	60.0	60.0
2010-05-26T00-50-34.754	147	8522	60.0	60.0
2010-05-26T00-50-43.281	148	8449	60.0	50.0
2010-05-26T00-50-51.735	149	8518	50.0	50.0
2010-05-26T00-51-00.257	150	8556	50.0	50.0
2010-05-26T00-51-08.817	151	8498	50.0	50.0
2010-05-26T00-51-17.320	152	8471	50.0	50.0
2010-05-26T00-51-25.796	153	8464	50.0	50.0
2010-05-26T00-51-34.265	154	8427	50.0	50.0
2010-05-26T00-51-42.701	155	8536	50.0	50.0
2010-05-26T00-51-51.242	156	8531	50.0	50.0
2010-05-26T00-51-59.777	157	8577	50.0	50.0
2010-05-26T00-52-08.358	158	8415	50.0	50.0
2010-05-26T00-52-16.777	159	8538	50.0	50.0
2010-05-26T00-52-25.319	160	8414	50.0	50.0
2010-05-26T00-52-33.737	161	8742	50.0	50.0
2010-05-26T00-52-42.483	162	9098	50.0	50.0
2010-05-26T00-52-51.585	163	8541	50.0	50.0
2010-05-26T00-53-00.134	164	8480	50.0	50.0
2010-05-26T00-53-08.619	165	8516	50.0	50.0
2010-05-26T00-53-17.140	166	8415	50.0	50.0
2010-05-26T00-53-25.559	167	8976	50.0	50.0
2010-05-26T00-53-34.540	168	8996	50.0	50.0
2010-05-26T00-53-43.541	169	8655	50.0	50.0
2010-05-26T00-53-52.200	170	8477	50.0	50.0
2010-05-26T00-54-00.681	171	8540	50.0	50.0
2010-05-26T00-54-09.226	172	8430	50.0	50.0
2010-05-26T00-54-17.660	173	8546	50.0	50.0
2010-05-26T00-54-26.210	174	8870	50.0	50.0
2010-05-26T00-54-35.084	175	8513	50.0	50.0
2010-05-26T00-54-43.602	176	8502	50.0	50.0
2010-05-26T00-54-52.109	177	8409	50.0	50.0
2010-05-26T00-55-00.522	178	8558	50.0	50.0
2010-05-26T00-55-09.084	179	8494	50.0	50.0
2010-05-26T00-55-17.582	180	10552	50.0	50.0
2010-05-26T00-55-28.138	181	8865	50.0	50.0
2010-05-26T00-55-37.007	182	8652	50.0	50.0
2010-05-26T00-55-45.663	183	8542	50.0	50.0
2010-05-26T00-55-54.210	184	8489	50.0	50.0
2010-05-26T00-56-02.704	185	8516	50.0	50.0
2010-05-26T00-56-11.225	186	8415	50.0	50.0
2010-05-26T00-56-19.644	187	8921	50.0	50.0
2010-05-26T00-56-28.570	188	8604	50.0	50.0
2010-05-26T00-56-37.179	189	8462	50.0	50.0
2010-05-26T00-56-45.645	190	8560	50.0	50.0
2010-05-26T00-56-54.209	191	8472	50.0	50.0
2010-05-26T00-57-02.685	192	8544	50.0	50.0
2010-05-26T00-57-11.234	193	8917	50.0	50.0
2010-05-26T00-57-20.156	194	8506	50.0	50.0
2010-05-26T00-57-28.666	195	8500	50.0	50.0
2010-05-26T00-57-37.171	196	8472	50.0	50.0
2010-05-26T00-57-45.648	197	8479	50.0	50.0
2010-05-26T00-57-54.132	198	8511	50.0	50.0
2010-05-26T00-58-02.648	199	9018	50.0	50.0
