2010-05-26T01-07-44.565	0	6388	50.0	50.0
2010-05-26T01-07-50.957	1	6321	50.0	50.0
2010-05-26T01-07-57.283	2	6702	50.0	50.0
2010-05-26T01-08-03.989	3	5882	50.0	50.0
2010-05-26T01-08-09.876	4	5909	50.0	50.0
2010-05-26T01-08-15.790	5	5708	50.0	50.0
2010-05-26T01-08-21.502	6	5925	50.0	50.0
2010-05-26T01-08-27.431	7	5922	50.0	50.0
2010-05-26T01-08-33.357	8	5924	50.0	50.0
2010-05-26T01-08-39.285	9	5885	50.0	50.0
2010-05-26T01-08-45.174	10	5876	50.0	50.0
2010-05-26T01-08-51.055	11	5846	50.0	50.0
2010-05-26T01-08-56.905	12	5923	50.0	50.0
2010-05-26T01-09-02.832	13	5678	50.0	50.0
2010-05-26T01-09-08.515	14	5931	50.0	50.0
2010-05-26T01-09-14.450	15	5877	50.0	50.0
2010-05-26T01-09-20.331	16	6197	50.0	50.0
2010-05-26T01-09-26.532	17	5830	50.0	50.0
2010-05-26T01-09-32.373	18	5922	50.0	50.0
2010-05-26T01-09-38.299	19	5824	50.0	50.0
2010-05-26T01-09-44.127	20	5892	50.0	50.0
2010-05-26T01-09-50.027	21	5828	50.0	50.0
2010-05-26T01-09-55.859	22	5930	50.0	50.0
2010-05-26T01-10-01.793	23	5693	50.0	50.0
2010-05-26T01-10-07.490	24	6164	50.0	50.0
2010-05-26T01-10-13.658	25	5630	50.0	50.0
2010-05-26T01-10-19.292	26	6134	50.0	50.0
2010-05-26T01-10-25.430	27	6047	50.0	50.0
2010-05-26T01-10-31.479	28	6222	50.0	50.0
2010-05-26T01-10-37.705	29	5794	50.0	50.0
2010-05-26T01-10-43.503	30	6225	50.0	50.0
2010-05-26T01-10-49.733	31	6419	50.0	50.0
2010-05-26T01-10-56.157	32	6179	50.0	50.0
2010-05-26T01-11-02.341	33	5816	50.0	50.0
2010-05-26T01-11-08.161	34	6237	50.0	50.0
2010-05-26T01-11-14.402	35	5876	50.0	50.0
2010-05-26T01-11-20.282	36	6189	50.0	50.0
2010-05-26T01-11-26.475	37	5864	50.0	50.0
2010-05-26T01-11-32.343	38	6144	50.0	50.0
2010-05-26T01-11-38.491	39	5853	50.0	50.0
2010-05-26T01-11-44.348	40	6122	50.0	50.0
2010-05-26T01-11-50.475	41	5861	50.0	50.0
2010-05-26T01-11-56.340	42	6369	50.0	50.0
2010-05-26T01-12-02.713	43	5693	50.0	50.0
2010-05-26T01-12-08.410	44	6137	50.0	50.0
2010-05-26T01-12-14.551	45	5676	50.0	50.0
2010-05-26T01-12-20.231	46	6141	50.0	50.0
2010-05-26T01-12-26.377	47	5852	50.0	50.0
2010-05-26T01-12-32.233	48	6148	50.0	50.0
2010-05-26T01-12-38.385	49	5860	50.0	50.0
2010-05-26T01-12-44.250	50	6136	50.0	50.0
2010-05-26T01-12-50.390	51	5901	50.0	50.0
2010-05-26T01-12-56.295	52	6145	50.0	50.0
2010-05-26T01-13-02.444	53	5867	50.0	50.0
2010-05-26T01-13-08.315	54	6118	50.0	50.0
2010-05-26T01-13-14.437	55	5819	50.0	50.0
2010-05-26T01-13-20.260	56	5936	50.0	50.0
2010-05-26T01-13-26.200	57	5933	50.0	50.0
2010-05-26T01-13-32.149	58	5881	50.0	50.0
2010-05-26T01-13-38.034	59	5803	50.0	50.0
2010-05-26T01-13-43.841	60	5736	50.0	50.0
2010-05-26T01-13-49.581	61	5714	50.0	50.0
2010-05-26T01-13-55.299	62	5932	50.0	50.0
2010-05-26T01-14-01.235	63	5810	50.0	50.0
2010-05-26T01-14-07.049	64	5967	50.0	50.0
2010-05-26T01-14-13.020	65	5830	50.0	50.0
2010-05-26T01-14-18.854	66	5671	50.0	50.0
2010-05-26T01-14-24.530	67	5686	50.0	50.0
2010-05-26T01-14-30.221	68	5806	50.0	50.0
2010-05-26T01-14-36.031	69	5818	50.0	50.0
2010-05-26T01-14-41.854	70	5679	50.0	50.0
2010-05-26T01-14-47.538	71	5685	50.0	50.0
2010-05-26T01-14-53.227	72	6192	50.0	50.0
2010-05-26T01-14-59.423	73	5845	50.0	50.0
2010-05-26T01-15-05.272	74	5818	50.0	50.0
2010-05-26T01-15-11.094	75	5823	50.0	50.0
2010-05-26T01-15-16.921	76	5709	50.0	50.0
2010-05-26T01-15-22.635	77	5650	50.0	50.0
2010-05-26T01-15-28.289	78	5830	50.0	50.0
2010-05-26T01-15-34.123	79	5932	50.0	50.0
2010-05-26T01-15-40.059	80	5823	50.0	50.0
2010-05-26T01-15-45.886	81	5888	50.0	50.0
2010-05-26T01-15-51.778	82	5662	50.0	50.0
2010-05-26T01-15-57.445	83	5859	50.0	50.0
2010-05-26T01-16-03.308	84	5885	50.0	50.0
2010-05-26T01-16-09.197	85	5829	50.0	50.0
2010-05-26T01-16-15.030	86	5787	50.0	50.0
2010-05-26T01-16-20.821	87	5658	50.0	50.0
2010-05-26T01-16-26.483	88	5834	50.0	50.0
2010-05-26T01-16-32.321	89	5898	50.0	50.0
2010-05-26T01-16-38.223	90	5877	50.0	50.0
2010-05-26T01-16-44.104	91	5850	50.0	50.0
2010-05-26T01-16-49.958	92	5818	50.0	50.0
2010-05-26T01-16-55.780	93	5706	50.0	50.0
2010-05-26T01-17-01.490	94	5826	50.0	50.0
2010-05-26T01-17-07.320	95	5830	50.0	50.0
2010-05-26T01-17-13.154	96	5838	50.0	50.0
2010-05-26T01-17-18.996	97	5802	50.0	50.0
2010-05-26T01-17-24.802	98	5632	50.0	50.0
2010-05-26T01-17-30.439	99	5830	50.0	50.0
2010-05-26T01-17-36.273	100	5861	50.0	50.0
2010-05-26T01-17-42.138	101	6021	50.0	50.0
2010-05-26T01-17-48.163	102	5823	50.0	50.0
2010-05-26T01-17-53.990	103	5821	50.0	50.0
2010-05-26T01-17-59.815	104	5713	50.0	50.0
2010-05-26T01-18-05.532	105	5657	50.0	50.0
2010-05-26T01-18-11.194	106	5841	50.0	50.0
2010-05-26T01-18-17.039	107	5833	50.0	50.0
2010-05-26T01-18-22.876	108	5688	50.0	50.0
2010-05-26T01-18-28.568	109	5657	50.0	50.0
2010-05-26T01-18-34.229	110	5865	50.0	50.0
2010-05-26T01-18-40.098	111	5814	50.0	50.0
2010-05-26T01-18-45.916	112	5849	50.0	50.0
2010-05-26T01-18-51.769	113	5710	50.0	50.0
2010-05-26T01-18-57.483	114	5874	50.0	50.0
2010-05-26T01-19-03.369	115	5851	50.0	50.0
2010-05-26T01-19-09.224	116	5987	50.0	50.0
2010-05-26T01-19-15.215	117	5862	50.0	50.0
2010-05-26T01-19-21.081	118	5858	50.0	50.0
2010-05-26T01-19-26.944	119	5830	50.0	50.0
2010-05-26T01-19-32.778	120	5730	50.0	50.0
2010-05-26T01-19-38.512	121	5848	50.0	50.0
2010-05-26T01-19-44.364	122	5854	50.0	50.0
2010-05-26T01-19-50.222	123	5916	50.0	50.0
2010-05-26T01-19-56.142	124	5888	50.0	50.0
2010-05-26T01-20-02.034	125	5842	50.0	50.0
2010-05-26T01-20-07.880	126	5872	50.0	50.0
2010-05-26T01-20-13.757	127	5672	50.0	50.0
2010-05-26T01-20-19.433	128	5816	50.0	50.0
2010-05-26T01-20-25.253	129	5812	50.0	50.0
2010-05-26T01-20-31.069	130	6540	50.0	50.0
2010-05-26T01-20-37.613	131	5828	50.0	50.0
2010-05-26T01-20-43.445	132	5844	50.0	50.0
2010-05-26T01-20-49.293	133	5806	50.0	50.0
2010-05-26T01-20-55.103	134	5865	50.0	50.0
2010-05-26T01-21-00.972	135	5851	50.0	50.0
2010-05-26T01-21-06.827	136	5691	50.0	50.0
2010-05-26T01-21-12.522	137	5670	50.0	50.0
2010-05-26T01-21-18.196	138	5831	50.0	50.0
2010-05-26T01-21-24.031	139	5862	50.0	50.0
2010-05-26T01-21-29.897	140	5853	50.0	50.0
2010-05-26T01-21-35.754	141	5683	50.0	50.0
2010-05-26T01-21-41.441	142	5869	50.0	50.0
2010-05-26T01-21-47.314	143	5814	50.0	50.0
2010-05-26T01-21-53.133	144	5899	50.0	50.0
2010-05-26T01-21-59.036	145	5879	50.0	50.0
2010-05-26T01-22-04.919	146	5838	50.0	50.0
2010-05-26T01-22-10.761	147	5660	50.0	50.0
2010-05-26T01-22-16.425	148	5870	50.0	50.0
2010-05-26T01-22-22.299	149	5822	50.0	50.0
2010-05-26T01-22-28.126	150	5844	50.0	50.0
2010-05-26T01-22-33.982	151	5994	50.0	50.0
2010-05-26T01-22-39.980	152	5972	50.0	50.0
2010-05-26T01-22-45.956	153	5881	50.0	50.0
2010-05-26T01-22-51.841	154	5685	50.0	50.0
2010-05-26T01-22-57.530	155	5695	50.0	50.0
2010-05-26T01-23-03.229	156	5804	50.0	50.0
2010-05-26T01-23-09.037	157	5829	50.0	50.0
2010-05-26T01-23-14.870	158	5698	50.0	50.0
2010-05-26T01-23-20.572	159	5681	50.0	50.0
2010-05-26T01-23-26.257	160	5802	50.0	50.0
2010-05-26T01-23-32.063	161	5797	50.0	50.0
2010-05-26T01-23-37.864	162	5653	50.0	50.0
2010-05-26T01-23-43.521	163	5649	50.0	50.0
2010-05-26T01-23-49.174	164	5865	50.0	50.0
2010-05-26T01-23-55.043	165	5856	50.0	50.0
2010-05-26T01-24-00.903	166	5668	50.0	50.0
2010-05-26T01-24-06.575	167	5657	50.0	50.0
2010-05-26T01-24-12.236	168	5816	50.0	50.0
2010-05-26T01-24-18.056	169	5849	50.0	50.0
2010-05-26T01-24-23.909	170	5646	50.0	50.0
2010-05-26T01-24-29.559	171	5705	50.0	40.0
2010-05-26T01-24-35.268	172	5844	40.0	40.0
2010-05-26T01-24-41.116	173	5812	40.0	40.0
2010-05-26T01-24-46.932	174	5794	40.0	40.0
2010-05-26T01-24-52.730	175	5682	40.0	40.0
2010-05-26T01-24-58.416	176	5830	40.0	40.0
2010-05-26T01-25-04.250	177	5831	40.0	40.0
2010-05-26T01-25-10.100	178	5797	40.0	40.0
2010-05-26T01-25-15.901	179	5648	40.0	40.0
2010-05-26T01-25-21.553	180	5692	40.0	40.0
2010-05-26T01-25-27.249	181	5819	40.0	40.0
2010-05-26T01-25-33.072	182	6150	40.0	40.0
2010-05-26T01-25-39.234	183	5943	40.0	40.0
2010-05-26T01-25-45.181	184	5846	40.0	40.0
2010-05-26T01-25-51.031	185	5827	40.0	40.0
2010-05-26T01-25-56.862	186	5699	40.0	40.0
2010-05-26T01-26-02.565	187	5684	40.0	40.0
2010-05-26T01-26-08.253	188	5821	40.0	40.0
2010-05-26T01-26-14.079	189	5826	40.0	40.0
2010-05-26T01-26-19.909	190	5840	40.0	40.0
2010-05-26T01-26-25.753	191	5664	40.0	40.0
2010-05-26T01-26-31.422	192	5827	40.0	40.0
2010-05-26T01-26-37.253	193	5851	40.0	40.0
2010-05-26T01-26-43.109	194	5843	40.0	40.0
2010-05-26T01-26-48.956	195	5847	40.0	40.0
2010-05-26T01-26-54.807	196	5704	40.0	40.0
2010-05-26T01-27-00.515	197	5784	40.0	40.0
2010-05-26T01-27-06.303	198	5816	40.0	40.0
2010-05-26T01-27-12.123	199	5803	40.0	40.0
