2010-05-25T17-10-05.877	0	16106	100.0	100.0
2010-05-25T17-10-21.988	1	14158	100.0	100.0
2010-05-25T17-10-36.151	2	13143	100.0	100.0
2010-05-25T17-10-49.299	3	13425	100.0	100.0
2010-05-25T17-11-02.822	4	13678	100.0	100.0
2010-05-25T17-11-16.505	5	13759	100.0	100.0
2010-05-25T17-11-30.270	6	13838	100.0	100.0
2010-05-25T17-11-44.189	7	13580	100.0	100.0
2010-05-25T17-11-57.773	8	12481	100.0	100.0
2010-05-25T17-12-10.259	9	13607	100.0	100.0
2010-05-25T17-12-23.871	10	14940	100.0	100.0
2010-05-25T17-12-38.900	11	14747	100.0	100.0
2010-05-25T17-12-53.651	12	17300	100.0	100.0
2010-05-25T17-13-11.041	13	16215	100.0	100.0
2010-05-25T17-13-27.261	14	14003	100.0	100.0
2010-05-25T17-13-41.353	15	13054	100.0	100.0
2010-05-25T17-13-54.412	16	13606	100.0	100.0
2010-05-25T17-14-08.023	17	14561	100.0	100.0
2010-05-25T17-14-22.665	18	14748	100.0	100.0
2010-05-25T17-14-37.418	19	17010	100.0	100.0
2010-05-25T17-14-54.542	20	14598	100.0	100.0
2010-05-25T17-15-09.145	21	13720	100.0	100.0
2010-05-25T17-15-22.870	22	15449	100.0	100.0
2010-05-25T17-15-38.408	23	16370	100.0	100.0
2010-05-25T17-15-54.783	24	14403	100.0	100.0
2010-05-25T17-16-09.191	25	14598	100.0	100.0
2010-05-25T17-16-23.794	26	14173	100.0	100.0
2010-05-25T17-16-38.064	27	21091	100.0	100.0
2010-05-25T17-16-59.160	28	19346	100.0	100.0
2010-05-25T17-17-18.511	29	16403	100.0	100.0
2010-05-25T17-17-35.017	30	13322	100.0	100.0
2010-05-25T17-17-48.343	31	14785	100.0	100.0
2010-05-25T17-18-03.132	32	13753	100.0	100.0
2010-05-25T17-18-16.890	33	15068	100.0	100.0
2010-05-25T17-18-32.064	34	13208	100.0	90.0
2010-05-25T17-18-45.277	35	12557	90.0	90.0
2010-05-25T17-18-57.839	36	12480	90.0	90.0
2010-05-25T17-19-10.324	37	13144	90.0	90.0
2010-05-25T17-19-23.473	38	13393	90.0	90.0
2010-05-25T17-19-36.955	39	13673	90.0	90.0
2010-05-25T17-19-50.632	40	14202	90.0	90.0
2010-05-25T17-20-04.839	41	14084	90.0	90.0
2010-05-25T17-20-18.928	42	14086	90.0	90.0
2010-05-25T17-20-33.027	43	12846	90.0	90.0
2010-05-25T17-20-45.963	44	11881	90.0	90.0
2010-05-25T17-20-57.849	45	11735	90.0	90.0
2010-05-25T17-21-09.589	46	13112	90.0	90.0
2010-05-25T17-21-22.706	47	12808	90.0	90.0
2010-05-25T17-21-35.519	48	15952	90.0	90.0
2010-05-25T17-21-51.572	49	14861	90.0	90.0
2010-05-25T17-22-06.437	50	13866	90.0	90.0
2010-05-25T17-22-20.308	51	14052	90.0	90.0
2010-05-25T17-22-34.364	52	13286	90.0	90.0
2010-05-25T17-22-47.655	53	16164	90.0	90.0
2010-05-25T17-23-03.824	54	12596	90.0	90.0
2010-05-25T17-23-16.425	55	16595	90.0	90.0
2010-05-25T17-23-33.024	56	15776	90.0	90.0
2010-05-25T17-23-48.804	57	15073	90.0	90.0
2010-05-25T17-24-03.881	58	13679	90.0	90.0
2010-05-25T17-24-17.565	59	17449	90.0	90.0
2010-05-25T17-24-35.019	60	17509	90.0	90.0
2010-05-25T17-24-52.533	61	13166	90.0	90.0
2010-05-25T17-25-05.703	62	18373	90.0	90.0
2010-05-25T17-25-24.081	63	16465	90.0	90.0
2010-05-25T17-25-40.551	64	13307	90.0	90.0
2010-05-25T17-25-53.863	65	19190	90.0	90.0
2010-05-25T17-26-13.058	66	16034	90.0	90.0
2010-05-25T17-26-29.097	67	16462	90.0	90.0
2010-05-25T17-26-45.564	68	16004	90.0	90.0
2010-05-25T17-27-01.573	69	13133	90.0	90.0
2010-05-25T17-27-14.710	70	12469	90.0	90.0
2010-05-25T17-27-27.184	71	14572	90.0	90.0
2010-05-25T17-27-41.761	72	15768	90.0	90.0
2010-05-25T17-27-57.534	73	13037	90.0	90.0
2010-05-25T17-28-10.576	74	14610	90.0	90.0
2010-05-25T17-28-25.191	75	14231	90.0	90.0
2010-05-25T17-28-39.427	76	13946	90.0	90.0
2010-05-25T17-28-53.378	77	13309	90.0	90.0
2010-05-25T17-29-06.692	78	13611	90.0	90.0
2010-05-25T17-29-20.308	79	14011	90.0	90.0
2010-05-25T17-29-34.324	80	12524	90.0	90.0
2010-05-25T17-29-46.852	81	12637	90.0	90.0
2010-05-25T17-29-59.493	82	14763	90.0	90.0
2010-05-25T17-30-14.261	83	16015	90.0	90.0
2010-05-25T17-30-30.280	84	16386	90.0	90.0
2010-05-25T17-30-46.671	85	13913	90.0	90.0
2010-05-25T17-31-00.589	86	12706	90.0	90.0
2010-05-25T17-31-13.300	87	14299	90.0	90.0
2010-05-25T17-31-27.604	88	12801	90.0	90.0
2010-05-25T17-31-40.410	89	12672	90.0	90.0
2010-05-25T17-31-53.086	90	13952	90.0	90.0
2010-05-25T17-32-07.042	91	12230	90.0	90.0
2010-05-25T17-32-19.277	92	12194	90.0	90.0
2010-05-25T17-32-31.475	93	12883	90.0	90.0
2010-05-25T17-32-44.363	94	14589	90.0	90.0
2010-05-25T17-32-58.957	95	13354	90.0	90.0
2010-05-25T17-33-12.316	96	13213	90.0	90.0
2010-05-25T17-33-25.534	97	11754	90.0	90.0
2010-05-25T17-33-37.293	98	14324	90.0	90.0
2010-05-25T17-33-51.623	99	12979	90.0	90.0
2010-05-25T17-34-04.607	100	13962	90.0	90.0
2010-05-25T17-34-18.574	101	14088	90.0	90.0
2010-05-25T17-34-32.667	102	12464	90.0	90.0
2010-05-25T17-34-45.136	103	13197	90.0	90.0
2010-05-25T17-34-58.338	104	13781	90.0	90.0
2010-05-25T17-35-12.124	105	14742	90.0	90.0
2010-05-25T17-35-26.871	106	17057	90.0	90.0
2010-05-25T17-35-43.933	107	15011	90.0	90.0
2010-05-25T17-35-58.949	108	13786	90.0	90.0
2010-05-25T17-36-12.740	109	14558	90.0	90.0
2010-05-25T17-36-27.302	110	16033	90.0	90.0
2010-05-25T17-36-43.340	111	13424	90.0	90.0
2010-05-25T17-36-56.769	112	15844	90.0	90.0
2010-05-25T17-37-12.617	113	14937	90.0	80.0
2010-05-25T17-37-27.559	114	13347	80.0	80.0
2010-05-25T17-37-40.911	115	14134	80.0	80.0
2010-05-25T17-37-55.050	116	14029	80.0	80.0
2010-05-25T17-38-09.084	117	13818	80.0	80.0
2010-05-25T17-38-22.906	118	15561	80.0	80.0
2010-05-25T17-38-38.472	119	12940	80.0	80.0
2010-05-25T17-38-51.417	120	14303	80.0	80.0
2010-05-25T17-39-05.725	121	15000	80.0	80.0
2010-05-25T17-39-20.730	122	14989	80.0	80.0
2010-05-25T17-39-35.724	123	14032	80.0	80.0
2010-05-25T17-39-49.761	124	13493	80.0	80.0
2010-05-25T17-40-03.259	125	14519	80.0	80.0
2010-05-25T17-40-17.782	126	13560	80.0	80.0
2010-05-25T17-40-31.347	127	13823	80.0	80.0
2010-05-25T17-40-45.175	128	13269	80.0	80.0
2010-05-25T17-40-58.449	129	13768	80.0	80.0
2010-05-25T17-41-12.222	130	12024	80.0	80.0
2010-05-25T17-41-24.250	131	11530	80.0	80.0
2010-05-25T17-41-35.785	132	13674	80.0	80.0
2010-05-25T17-41-49.464	133	18957	80.0	80.0
2010-05-25T17-42-08.426	134	14126	80.0	80.0
2010-05-25T17-42-22.557	135	13278	80.0	80.0
2010-05-25T17-42-35.840	136	12416	80.0	80.0
2010-05-25T17-42-48.261	137	12822	80.0	80.0
2010-05-25T17-43-01.089	138	11774	80.0	80.0
2010-05-25T17-43-12.867	139	13530	80.0	80.0
2010-05-25T17-43-26.402	140	12305	80.0	80.0
2010-05-25T17-43-38.712	141	14787	80.0	80.0
2010-05-25T17-43-53.504	142	13730	80.0	80.0
2010-05-25T17-44-07.239	143	13290	80.0	80.0
2010-05-25T17-44-20.534	144	13262	80.0	80.0
2010-05-25T17-44-33.801	145	12234	80.0	80.0
2010-05-25T17-44-46.039	146	12217	80.0	80.0
2010-05-25T17-44-58.261	147	13667	80.0	80.0
2010-05-25T17-45-11.933	148	13823	80.0	80.0
2010-05-25T17-45-25.761	149	11769	80.0	80.0
2010-05-25T17-45-37.535	150	14252	80.0	80.0
2010-05-25T17-45-51.792	151	13722	80.0	80.0
2010-05-25T17-46-05.519	152	16570	80.0	80.0
2010-05-25T17-46-22.093	153	14804	80.0	80.0
2010-05-25T17-46-36.902	154	12238	80.0	80.0
2010-05-25T17-46-49.145	155	12705	80.0	80.0
2010-05-25T17-47-01.855	156	13249	80.0	80.0
2010-05-25T17-47-15.106	157	14886	80.0	80.0
2010-05-25T17-47-29.996	158	11478	80.0	80.0
2010-05-25T17-47-41.479	159	16312	80.0	80.0
2010-05-25T17-47-57.796	160	12901	80.0	80.0
2010-05-25T17-48-10.702	161	13675	80.0	80.0
2010-05-25T17-48-24.381	162	15591	80.0	80.0
2010-05-25T17-48-39.977	163	11484	80.0	80.0
2010-05-25T17-48-51.466	164	16653	80.0	80.0
2010-05-25T17-49-08.124	165	15214	80.0	80.0
2010-05-25T17-49-23.343	166	13784	80.0	80.0
2010-05-25T17-49-37.132	167	13519	80.0	80.0
2010-05-25T17-49-50.656	168	11940	80.0	80.0
2010-05-25T17-50-02.601	169	14338	80.0	80.0
2010-05-25T17-50-16.944	170	12668	80.0	80.0
2010-05-25T17-50-29.617	171	12131	80.0	80.0
2010-05-25T17-50-41.752	172	12461	80.0	80.0
2010-05-25T17-50-54.218	173	13269	80.0	80.0
2010-05-25T17-51-07.492	174	12836	80.0	80.0
2010-05-25T17-51-20.333	175	12271	80.0	80.0
2010-05-25T17-51-32.609	176	12745	80.0	80.0
2010-05-25T17-51-45.359	177	13690	80.0	80.0
2010-05-25T17-51-59.054	178	14855	80.0	80.0
2010-05-25T17-52-13.914	179	14476	80.0	80.0
2010-05-25T17-52-28.394	180	12858	80.0	80.0
2010-05-25T17-52-41.257	181	13558	80.0	80.0
2010-05-25T17-52-54.820	182	13311	80.0	80.0
2010-05-25T17-53-08.135	183	12436	80.0	80.0
2010-05-25T17-53-20.575	184	13100	80.0	80.0
2010-05-25T17-53-33.680	185	12677	80.0	80.0
2010-05-25T17-53-46.362	186	12750	80.0	80.0
2010-05-25T17-53-59.116	187	12212	80.0	80.0
2010-05-25T17-54-11.333	188	12044	80.0	80.0
2010-05-25T17-54-23.382	189	12491	80.0	80.0
2010-05-25T17-54-35.877	190	13876	80.0	80.0
2010-05-25T17-54-49.758	191	13713	80.0	80.0
2010-05-25T17-55-03.476	192	13355	80.0	80.0
2010-05-25T17-55-16.836	193	16666	80.0	80.0
2010-05-25T17-55-33.507	194	13891	80.0	80.0
2010-05-25T17-55-47.402	195	12077	80.0	70.0
2010-05-25T17-55-59.484	196	13565	70.0	70.0
2010-05-25T17-56-13.054	197	12112	70.0	70.0
2010-05-25T17-56-25.171	198	11909	70.0	70.0
2010-05-25T17-56-37.085	199	14163	70.0	70.0
