2010-05-25T20-32-06.368	0	3822	50.0	50.0
2010-05-25T20-32-10.194	1	4762	50.0	50.0
2010-05-25T20-32-14.960	2	4847	50.0	50.0
2010-05-25T20-32-19.812	3	3432	50.0	50.0
2010-05-25T20-32-23.249	4	3276	50.0	50.0
2010-05-25T20-32-26.530	5	3292	50.0	50.0
2010-05-25T20-32-29.827	6	3464	50.0	50.0
2010-05-25T20-32-33.296	7	3276	50.0	50.0
2010-05-25T20-32-36.577	8	3910	50.0	50.0
2010-05-25T20-32-40.491	9	4879	50.0	50.0
2010-05-25T20-32-45.375	10	4775	50.0	50.0
2010-05-25T20-32-50.155	11	3320	50.0	50.0
2010-05-25T20-32-53.479	12	4804	50.0	50.0
2010-05-25T20-32-58.288	13	3317	50.0	50.0
2010-05-25T20-33-01.610	14	3361	50.0	50.0
2010-05-25T20-33-04.975	15	3284	50.0	50.0
2010-05-25T20-33-08.264	16	3809	50.0	50.0
2010-05-25T20-33-12.078	17	3221	50.0	50.0
2010-05-25T20-33-15.304	18	3269	50.0	50.0
2010-05-25T20-33-18.578	19	3307	50.0	50.0
2010-05-25T20-33-21.889	20	4855	50.0	50.0
2010-05-25T20-33-26.749	21	4800	50.0	50.0
2010-05-25T20-33-31.554	22	4847	50.0	50.0
2010-05-25T20-33-36.405	23	3418	50.0	50.0
2010-05-25T20-33-39.827	24	3324	50.0	50.0
2010-05-25T20-33-43.156	25	3205	50.0	50.0
2010-05-25T20-33-46.366	26	3285	50.0	50.0
2010-05-25T20-33-49.656	27	3330	50.0	40.0
2010-05-25T20-33-52.991	28	3238	40.0	40.0
2010-05-25T20-33-56.234	29	3283	40.0	40.0
2010-05-25T20-33-59.522	30	3316	40.0	40.0
2010-05-25T20-34-02.843	31	4816	40.0	40.0
2010-05-25T20-34-07.663	32	4832	40.0	40.0
2010-05-25T20-34-12.500	33	4729	40.0	40.0
2010-05-25T20-34-17.234	34	5404	40.0	40.0
2010-05-25T20-34-22.642	35	3274	40.0	40.0
2010-05-25T20-34-25.920	36	3309	40.0	40.0
2010-05-25T20-34-29.234	37	4799	40.0	40.0
2010-05-25T20-34-34.038	38	4839	40.0	40.0
2010-05-25T20-34-38.882	39	4831	40.0	40.0
2010-05-25T20-34-43.718	40	4761	40.0	40.0
2010-05-25T20-34-48.483	41	3379	40.0	40.0
2010-05-25T20-34-51.866	42	3292	40.0	40.0
2010-05-25T20-34-55.162	43	3251	40.0	40.0
2010-05-25T20-34-58.417	44	3351	40.0	40.0
2010-05-25T20-35-01.773	45	3246	40.0	40.0
2010-05-25T20-35-05.024	46	3454	40.0	40.0
2010-05-25T20-35-08.483	47	3292	40.0	40.0
2010-05-25T20-35-11.780	48	4737	40.0	40.0
2010-05-25T20-35-16.522	49	3269	40.0	40.0
2010-05-25T20-35-19.796	50	4847	40.0	40.0
2010-05-25T20-35-24.647	51	4785	40.0	40.0
2010-05-25T20-35-29.436	52	4863	40.0	40.0
2010-05-25T20-35-34.304	53	3268	40.0	40.0
2010-05-25T20-35-37.581	54	4749	40.0	40.0
2010-05-25T20-35-42.335	55	3323	40.0	40.0
2010-05-25T20-35-45.663	56	4769	40.0	40.0
2010-05-25T20-35-50.436	57	4824	40.0	40.0
2010-05-25T20-35-55.265	58	4792	40.0	40.0
2010-05-25T20-36-00.068	59	3285	40.0	40.0
2010-05-25T20-36-03.357	60	3376	40.0	40.0
2010-05-25T20-36-06.737	61	3241	40.0	40.0
2010-05-25T20-36-09.983	62	3284	40.0	40.0
2010-05-25T20-36-13.272	63	3292	40.0	40.0
2010-05-25T20-36-16.569	64	4801	40.0	40.0
2010-05-25T20-36-21.374	65	3542	40.0	40.0
2010-05-25T20-36-24.920	66	3293	40.0	40.0
2010-05-25T20-36-28.217	67	3262	40.0	40.0
2010-05-25T20-36-31.483	68	4910	40.0	40.0
2010-05-25T20-36-36.398	69	3400	40.0	40.0
2010-05-25T20-36-39.803	70	3285	40.0	40.0
2010-05-25T20-36-43.093	71	3291	40.0	40.0
2010-05-25T20-36-46.389	72	4667	40.0	40.0
2010-05-25T20-36-51.060	73	3186	40.0	40.0
2010-05-25T20-36-54.250	74	3283	40.0	40.0
2010-05-25T20-36-57.537	75	3398	40.0	40.0
2010-05-25T20-37-00.939	76	3329	40.0	40.0
2010-05-25T20-37-04.273	77	3284	40.0	40.0
2010-05-25T20-37-07.562	78	3388	40.0	40.0
2010-05-25T20-37-10.955	79	3289	40.0	40.0
2010-05-25T20-37-14.249	80	3362	40.0	40.0
2010-05-25T20-37-17.616	81	4769	40.0	40.0
2010-05-25T20-37-22.389	82	3418	40.0	40.0
2010-05-25T20-37-25.811	83	3308	40.0	40.0
2010-05-25T20-37-29.123	84	3293	40.0	40.0
2010-05-25T20-37-32.420	85	3402	40.0	40.0
2010-05-25T20-37-35.827	86	3276	40.0	40.0
2010-05-25T20-37-39.108	87	3170	40.0	40.0
2010-05-25T20-37-42.282	88	3302	40.0	40.0
2010-05-25T20-37-45.588	89	3273	40.0	40.0
2010-05-25T20-37-48.866	90	4753	40.0	40.0
2010-05-25T20-37-53.623	91	3425	40.0	40.0
2010-05-25T20-37-57.051	92	3326	40.0	40.0
2010-05-25T20-38-00.381	93	3285	40.0	40.0
2010-05-25T20-38-03.671	94	5362	40.0	40.0
2010-05-25T20-38-09.038	95	3479	40.0	40.0
2010-05-25T20-38-12.522	96	3362	40.0	40.0
2010-05-25T20-38-15.889	97	3308	40.0	40.0
2010-05-25T20-38-19.202	98	4832	40.0	40.0
2010-05-25T20-38-24.038	99	4791	40.0	40.0
2010-05-25T20-38-28.834	100	4856	40.0	40.0
2010-05-25T20-38-33.695	101	4791	40.0	40.0
2010-05-25T20-38-38.491	102	3308	40.0	40.0
2010-05-25T20-38-41.804	103	3276	40.0	40.0
2010-05-25T20-38-45.085	104	4854	40.0	40.0
2010-05-25T20-38-49.944	105	3495	40.0	40.0
2010-05-25T20-38-53.444	106	3268	40.0	40.0
2010-05-25T20-38-56.717	107	3270	40.0	40.0
2010-05-25T20-38-59.991	108	4753	40.0	40.0
2010-05-25T20-39-04.749	109	3350	40.0	40.0
2010-05-25T20-39-08.103	110	3290	40.0	40.0
2010-05-25T20-39-11.398	111	3291	40.0	40.0
2010-05-25T20-39-14.694	112	4690	40.0	40.0
2010-05-25T20-39-19.389	113	3308	40.0	40.0
2010-05-25T20-39-22.702	114	3253	40.0	40.0
2010-05-25T20-39-25.960	115	3502	40.0	40.0
2010-05-25T20-39-29.467	116	3332	40.0	40.0
2010-05-25T20-39-32.803	117	3301	40.0	40.0
2010-05-25T20-39-36.109	118	3542	40.0	40.0
2010-05-25T20-39-39.655	119	3277	40.0	40.0
2010-05-25T20-39-42.936	120	3347	40.0	40.0
2010-05-25T20-39-46.288	121	3479	40.0	40.0
2010-05-25T20-39-49.772	122	3212	40.0	40.0
2010-05-25T20-39-52.988	123	3295	40.0	40.0
2010-05-25T20-39-56.288	124	4300	40.0	40.0
2010-05-25T20-40-00.592	125	3340	40.0	40.0
2010-05-25T20-40-03.936	126	3285	40.0	40.0
2010-05-25T20-40-07.225	127	3441	40.0	40.0
2010-05-25T20-40-10.670	128	3277	40.0	40.0
2010-05-25T20-40-13.952	129	3292	40.0	40.0
2010-05-25T20-40-17.249	130	3472	40.0	40.0
2010-05-25T20-40-20.725	131	3236	40.0	40.0
2010-05-25T20-40-23.965	132	3318	40.0	40.0
2010-05-25T20-40-27.288	133	3479	40.0	40.0
2010-05-25T20-40-30.772	134	3208	40.0	40.0
2010-05-25T20-40-33.984	135	3292	40.0	40.0
2010-05-25T20-40-37.280	136	3597	40.0	40.0
2010-05-25T20-40-40.881	137	3262	40.0	40.0
2010-05-25T20-40-44.148	138	3284	40.0	40.0
2010-05-25T20-40-47.436	139	3449	40.0	40.0
2010-05-25T20-40-50.890	140	3299	40.0	40.0
2010-05-25T20-40-54.194	141	3300	40.0	40.0
2010-05-25T20-40-57.499	142	3425	40.0	40.0
2010-05-25T20-41-00.929	143	3260	40.0	40.0
2010-05-25T20-41-04.194	144	3316	40.0	40.0
2010-05-25T20-41-07.514	145	3418	40.0	40.0
2010-05-25T20-41-10.936	146	3254	40.0	40.0
2010-05-25T20-41-14.194	147	3293	40.0	40.0
2010-05-25T20-41-17.491	148	3331	40.0	40.0
2010-05-25T20-41-20.827	149	3292	40.0	40.0
2010-05-25T20-41-24.124	150	3643	40.0	40.0
2010-05-25T20-41-27.772	151	3229	40.0	40.0
2010-05-25T20-41-31.006	152	3316	40.0	40.0
2010-05-25T20-41-34.327	153	3331	40.0	40.0
2010-05-25T20-41-37.663	154	3284	40.0	40.0
2010-05-25T20-41-40.952	155	3284	40.0	40.0
2010-05-25T20-41-44.241	156	3488	40.0	40.0
2010-05-25T20-41-47.734	157	3197	40.0	40.0
2010-05-25T20-41-50.936	158	3480	40.0	40.0
2010-05-25T20-41-54.420	159	3449	40.0	40.0
2010-05-25T20-41-57.874	160	3315	40.0	40.0
2010-05-25T20-42-01.194	161	3308	40.0	40.0
2010-05-25T20-42-04.507	162	3669	40.0	40.0
2010-05-25T20-42-08.181	163	3313	40.0	40.0
2010-05-25T20-42-11.499	164	3378	40.0	40.0
2010-05-25T20-42-14.882	165	3503	40.0	40.0
2010-05-25T20-42-18.389	166	3293	40.0	40.0
2010-05-25T20-42-21.686	167	3315	40.0	40.0
2010-05-25T20-42-25.006	168	3566	40.0	40.0
2010-05-25T20-42-28.576	169	3301	40.0	40.0
2010-05-25T20-42-31.882	170	3292	40.0	40.0
2010-05-25T20-42-35.179	171	3534	40.0	40.0
2010-05-25T20-42-38.718	172	3251	40.0	40.0
2010-05-25T20-42-41.973	173	3349	40.0	40.0
2010-05-25T20-42-45.327	174	3534	40.0	40.0
2010-05-25T20-42-48.866	175	3268	40.0	40.0
2010-05-25T20-42-52.139	176	3331	40.0	40.0
2010-05-25T20-42-55.475	177	3472	40.0	40.0
2010-05-25T20-42-58.952	178	3253	40.0	40.0
2010-05-25T20-43-02.209	179	3324	40.0	40.0
2010-05-25T20-43-05.537	180	3488	40.0	40.0
2010-05-25T20-43-09.037	181	3301	40.0	40.0
2010-05-25T20-43-12.343	182	3284	40.0	40.0
2010-05-25T20-43-15.632	183	3409	40.0	40.0
2010-05-25T20-43-19.046	184	3378	40.0	40.0
2010-05-25T20-43-22.428	185	3332	40.0	40.0
2010-05-25T20-43-25.764	186	3362	40.0	40.0
2010-05-25T20-43-29.130	187	3262	40.0	40.0
2010-05-25T20-43-32.397	188	3355	40.0	40.0
2010-05-25T20-43-35.756	189	4176	40.0	40.0
2010-05-25T20-43-39.937	190	3292	40.0	40.0
2010-05-25T20-43-43.234	191	3291	40.0	40.0
2010-05-25T20-43-46.530	192	3445	40.0	40.0
2010-05-25T20-43-49.979	193	3273	40.0	40.0
2010-05-25T20-43-53.258	194	3306	40.0	40.0
2010-05-25T20-43-56.569	195	3418	40.0	40.0
2010-05-25T20-43-59.991	196	3418	40.0	40.0
2010-05-25T20-44-03.413	197	3300	40.0	40.0
2010-05-25T20-44-06.717	198	3477	40.0	40.0
2010-05-25T20-44-10.198	199	3304	40.0	40.0
