2010-05-25T21-33-07.118	0	4973	20.0	20.0
2010-05-25T21-33-12.096	1	5423	20.0	20.0
2010-05-25T21-33-17.524	2	7105	20.0	20.0
2010-05-25T21-33-24.634	3	6674	20.0	20.0
2010-05-25T21-33-31.312	4	5372	20.0	20.0
2010-05-25T21-33-36.689	5	5260	20.0	20.0
2010-05-25T21-33-41.954	6	5213	20.0	20.0
2010-05-25T21-33-47.172	7	5215	20.0	20.0
2010-05-25T21-33-52.392	8	5250	20.0	20.0
2010-05-25T21-33-57.646	9	5772	20.0	20.0
2010-05-25T21-34-03.423	10	7292	20.0	20.0
2010-05-25T21-34-10.719	11	5354	20.0	20.0
2010-05-25T21-34-16.078	12	5293	20.0	20.0
2010-05-25T21-34-21.375	13	5669	20.0	20.0
2010-05-25T21-34-27.049	14	5236	20.0	20.0
2010-05-25T21-34-32.290	15	5747	20.0	20.0
2010-05-25T21-34-38.042	16	5664	20.0	20.0
2010-05-25T21-34-43.711	17	5184	20.0	20.0
2010-05-25T21-34-48.899	18	5191	20.0	20.0
2010-05-25T21-34-54.095	19	6510	20.0	20.0
2010-05-25T21-35-00.610	20	5198	20.0	20.0
2010-05-25T21-35-05.813	21	5198	20.0	20.0
2010-05-25T21-35-11.016	22	5199	20.0	20.0
2010-05-25T21-35-16.219	23	5324	20.0	20.0
2010-05-25T21-35-21.548	24	5448	20.0	20.0
2010-05-25T21-35-27.000	25	5050	20.0	20.0
2010-05-25T21-35-32.055	26	5183	20.0	20.0
2010-05-25T21-35-37.243	27	5089	20.0	20.0
2010-05-25T21-35-42.336	28	5204	20.0	20.0
2010-05-25T21-35-47.544	29	5116	20.0	20.0
2010-05-25T21-35-52.665	30	5245	20.0	20.0
2010-05-25T21-35-57.915	31	5237	20.0	20.0
2010-05-25T21-36-03.157	32	5418	20.0	20.0
2010-05-25T21-36-08.579	33	5418	20.0	20.0
2010-05-25T21-36-14.001	34	5065	20.0	20.0
2010-05-25T21-36-19.070	35	5760	20.0	20.0
2010-05-25T21-36-24.834	36	6138	20.0	20.0
2010-05-25T21-36-30.977	37	5843	20.0	20.0
2010-05-25T21-36-36.824	38	5413	20.0	20.0
2010-05-25T21-36-42.242	39	15355	20.0	20.0
2010-05-25T21-36-57.602	40	5479	20.0	20.0
2010-05-25T21-37-03.086	41	6860	20.0	20.0
2010-05-25T21-37-09.949	42	6466	20.0	20.0
2010-05-25T21-37-16.419	43	11209	20.0	20.0
2010-05-25T21-37-27.633	44	8231	20.0	20.0
2010-05-25T21-37-35.868	45	6823	20.0	20.0
2010-05-25T21-37-42.695	46	7637	20.0	20.0
2010-05-25T21-37-50.337	47	5268	20.0	20.0
2010-05-25T21-37-55.610	48	5338	20.0	20.0
2010-05-25T21-38-00.953	49	5254	20.0	20.0
2010-05-25T21-38-06.211	50	5250	20.0	20.0
2010-05-25T21-38-11.465	51	6089	20.0	20.0
2010-05-25T21-38-17.558	52	5906	20.0	20.0
2010-05-25T21-38-23.469	53	4869	20.0	20.0
2010-05-25T21-38-28.343	54	3692	20.0	20.0
2010-05-25T21-38-32.040	55	3268	20.0	20.0
2010-05-25T21-38-35.313	56	3355	20.0	20.0
2010-05-25T21-38-38.672	57	3590	20.0	20.0
2010-05-25T21-38-42.266	58	3340	20.0	20.0
2010-05-25T21-38-45.610	59	3636	20.0	20.0
2010-05-25T21-38-49.258	60	4902	20.0	20.0
2010-05-25T21-38-54.165	61	5261	20.0	20.0
2010-05-25T21-38-59.430	62	5190	20.0	20.0
2010-05-25T21-39-04.625	63	5440	20.0	20.0
2010-05-25T21-39-10.070	64	4965	20.0	20.0
2010-05-25T21-39-15.039	65	5160	20.0	20.0
2010-05-25T21-39-20.244	66	5583	20.0	20.0
2010-05-25T21-39-25.831	67	5141	20.0	20.0
2010-05-25T21-39-30.977	68	6636	20.0	20.0
2010-05-25T21-39-37.618	69	5235	20.0	20.0
2010-05-25T21-39-42.857	70	5272	20.0	20.0
2010-05-25T21-39-48.134	71	4987	20.0	20.0
2010-05-25T21-39-53.126	72	5401	20.0	20.0
2010-05-25T21-39-58.532	73	5214	20.0	20.0
2010-05-25T21-40-03.751	74	5455	20.0	20.0
2010-05-25T21-40-09.211	75	5190	20.0	20.0
2010-05-25T21-40-14.405	76	5200	20.0	20.0
2010-05-25T21-40-19.610	77	5292	20.0	20.0
2010-05-25T21-40-24.907	78	3385	20.0	20.0
2010-05-25T21-40-28.297	79	3245	20.0	20.0
2010-05-25T21-40-31.547	80	3949	20.0	20.0
2010-05-25T21-40-35.500	81	5293	20.0	20.0
2010-05-25T21-40-40.797	82	5035	20.0	20.0
2010-05-25T21-40-45.837	83	5424	20.0	20.0
2010-05-25T21-40-51.266	84	5390	20.0	20.0
2010-05-25T21-40-56.660	85	6468	20.0	20.0
2010-05-25T21-41-03.133	86	4925	20.0	20.0
2010-05-25T21-41-08.063	87	5136	20.0	20.0
2010-05-25T21-41-13.203	88	5184	20.0	20.0
2010-05-25T21-41-18.391	89	5722	20.0	20.0
2010-05-25T21-41-24.118	90	5077	20.0	20.0
2010-05-25T21-41-29.199	91	4218	20.0	20.0
2010-05-25T21-41-33.422	92	3423	20.0	20.0
2010-05-25T21-41-36.849	93	3272	20.0	20.0
2010-05-25T21-41-40.125	94	3315	20.0	20.0
2010-05-25T21-41-43.444	95	3690	20.0	20.0
2010-05-25T21-41-47.138	96	3273	20.0	20.0
2010-05-25T21-41-50.415	97	4237	20.0	20.0
2010-05-25T21-41-54.657	98	3432	20.0	20.0
2010-05-25T21-41-58.094	99	3323	20.0	20.0
2010-05-25T21-42-01.422	100	3308	20.0	20.0
2010-05-25T21-42-04.735	101	3496	20.0	20.0
2010-05-25T21-42-08.236	102	3763	20.0	20.0
2010-05-25T21-42-12.003	103	3391	20.0	20.0
2010-05-25T21-42-15.406	104	3316	20.0	20.0
2010-05-25T21-42-18.727	105	3505	20.0	20.0
2010-05-25T21-42-22.237	106	3290	20.0	20.0
2010-05-25T21-42-25.532	107	3260	20.0	20.0
2010-05-25T21-42-28.797	108	4515	20.0	20.0
2010-05-25T21-42-33.316	109	3281	20.0	20.0
2010-05-25T21-42-36.602	110	3449	20.0	20.0
2010-05-25T21-42-40.055	111	4123	20.0	20.0
2010-05-25T21-42-44.182	112	3439	20.0	20.0
2010-05-25T21-42-47.626	113	4675	20.0	20.0
2010-05-25T21-42-52.306	114	4924	20.0	20.0
2010-05-25T21-42-57.235	115	4909	20.0	20.0
2010-05-25T21-43-02.149	116	5135	20.0	20.0
2010-05-25T21-43-07.289	117	5317	20.0	20.0
2010-05-25T21-43-12.618	118	4868	20.0	20.0
2010-05-25T21-43-17.490	119	5350	20.0	20.0
2010-05-25T21-43-22.845	120	5065	20.0	20.0
2010-05-25T21-43-27.915	121	3927	20.0	20.0
2010-05-25T21-43-31.847	122	3375	20.0	20.0
2010-05-25T21-43-35.227	123	3292	20.0	20.0
2010-05-25T21-43-38.524	124	3447	20.0	20.0
2010-05-25T21-43-41.975	125	3646	20.0	20.0
2010-05-25T21-43-45.625	126	3825	20.0	20.0
2010-05-25T21-43-49.455	127	3728	20.0	20.0
2010-05-25T21-43-53.188	128	3615	20.0	20.0
2010-05-25T21-43-56.807	129	3478	20.0	20.0
2010-05-25T21-44-00.297	130	4847	20.0	20.0
2010-05-25T21-44-05.157	131	5402	20.0	20.0
2010-05-25T21-44-10.563	132	5567	20.0	20.0
2010-05-25T21-44-16.134	133	5792	20.0	20.0
2010-05-25T21-44-21.930	134	5175	20.0	20.0
2010-05-25T21-44-27.110	135	5292	20.0	20.0
2010-05-25T21-44-32.407	136	5385	20.0	20.0
2010-05-25T21-44-37.797	137	5354	20.0	20.0
2010-05-25T21-44-43.156	138	5810	20.0	20.0
2010-05-25T21-44-48.971	139	5392	20.0	20.0
2010-05-25T21-44-54.367	140	5129	20.0	20.0
2010-05-25T21-44-59.501	141	4839	20.0	20.0
2010-05-25T21-45-04.352	142	5167	20.0	20.0
2010-05-25T21-45-09.524	143	4964	20.0	20.0
2010-05-25T21-45-14.492	144	5067	20.0	20.0
2010-05-25T21-45-19.564	145	5799	20.0	20.0
2010-05-25T21-45-25.368	146	5385	20.0	20.0
2010-05-25T21-45-30.758	147	5105	20.0	20.0
2010-05-25T21-45-35.868	148	4088	20.0	20.0
2010-05-25T21-45-39.961	149	3253	20.0	20.0
2010-05-25T21-45-43.219	150	3463	20.0	20.0
2010-05-25T21-45-46.686	151	4648	20.0	20.0
2010-05-25T21-45-51.339	152	4081	20.0	20.0
2010-05-25T21-45-55.425	153	3258	20.0	20.0
2010-05-25T21-45-58.688	154	3355	20.0	20.0
2010-05-25T21-46-02.048	155	4698	20.0	20.0
2010-05-25T21-46-06.758	156	4987	20.0	20.0
2010-05-25T21-46-11.750	157	3637	20.0	20.0
2010-05-25T21-46-15.391	158	3591	20.0	20.0
2010-05-25T21-46-18.986	159	3682	20.0	20.0
2010-05-25T21-46-22.672	160	3324	20.0	20.0
2010-05-25T21-46-26.001	161	3813	20.0	20.0
2010-05-25T21-46-29.818	162	3373	20.0	20.0
2010-05-25T21-46-33.196	163	3245	20.0	20.0
2010-05-25T21-46-36.446	164	3349	20.0	20.0
2010-05-25T21-46-39.805	165	3276	20.0	20.0
2010-05-25T21-46-43.086	166	3261	20.0	20.0
2010-05-25T21-46-46.352	167	4550	20.0	20.0
2010-05-25T21-46-50.906	168	3728	20.0	20.0
2010-05-25T21-46-54.638	169	3373	20.0	20.0
2010-05-25T21-46-58.016	170	3277	20.0	20.0
2010-05-25T21-47-01.298	171	5315	20.0	20.0
2010-05-25T21-47-06.625	172	5191	20.0	20.0
2010-05-25T21-47-11.821	173	5942	20.0	20.0
2010-05-25T21-47-17.767	174	4207	20.0	20.0
2010-05-25T21-47-21.979	175	3447	20.0	20.0
2010-05-25T21-47-25.431	176	3264	20.0	20.0
2010-05-25T21-47-28.699	177	3516	20.0	20.0
2010-05-25T21-47-32.220	178	4635	20.0	20.0
2010-05-25T21-47-36.860	179	3534	20.0	20.0
2010-05-25T21-47-40.399	180	4221	20.0	20.0
2010-05-25T21-47-44.625	181	4847	20.0	20.0
2010-05-25T21-47-49.477	182	5213	20.0	20.0
2010-05-25T21-47-54.694	183	4576	20.0	20.0
2010-05-25T21-47-59.275	184	3299	20.0	20.0
2010-05-25T21-48-02.579	185	3518	20.0	20.0
2010-05-25T21-48-06.101	186	3316	20.0	20.0
2010-05-25T21-48-09.422	187	3234	20.0	20.0
2010-05-25T21-48-12.660	188	3671	20.0	20.0
2010-05-25T21-48-16.336	189	3316	20.0	20.0
2010-05-25T21-48-19.657	190	3549	20.0	20.0
2010-05-25T21-48-23.211	191	3480	20.0	20.0
2010-05-25T21-48-26.695	192	3793	20.0	20.0
2010-05-25T21-48-30.493	193	4104	20.0	20.0
2010-05-25T21-48-34.602	194	3277	20.0	20.0
2010-05-25T21-48-37.884	195	3526	20.0	20.0
2010-05-25T21-48-41.415	196	3282	20.0	20.0
2010-05-25T21-48-44.701	197	3295	20.0	20.0
2010-05-25T21-48-48.001	198	3558	20.0	20.0
2010-05-25T21-48-51.563	199	3330	20.0	20.0
