2010-05-26T00-15-24.991	0	4903	70.0	70.0
2010-05-26T00-15-29.899	1	3464	70.0	70.0
2010-05-26T00-15-33.367	2	3261	70.0	70.0
2010-05-26T00-15-36.633	3	3332	70.0	70.0
2010-05-26T00-15-39.970	4	3495	70.0	70.0
2010-05-26T00-15-43.470	5	3329	70.0	70.0
2010-05-26T00-15-46.803	6	3333	70.0	70.0
2010-05-26T00-15-50.148	7	3504	70.0	70.0
2010-05-26T00-15-53.657	8	3292	70.0	70.0
2010-05-26T00-15-56.954	9	3393	70.0	70.0
2010-05-26T00-16-00.352	10	3450	70.0	70.0
2010-05-26T00-16-03.806	11	3354	70.0	70.0
2010-05-26T00-16-07.164	12	3332	70.0	70.0
2010-05-26T00-16-10.501	13	3339	70.0	70.0
2010-05-26T00-16-13.845	14	3286	70.0	70.0
2010-05-26T00-16-17.135	15	3399	70.0	70.0
2010-05-26T00-16-20.539	16	3285	70.0	70.0
2010-05-26T00-16-23.829	17	4158	70.0	70.0
2010-05-26T00-16-27.992	18	4809	70.0	70.0
2010-05-26T00-16-32.805	19	4925	70.0	70.0
2010-05-26T00-16-37.734	20	5152	70.0	70.0
2010-05-26T00-16-42.891	21	3542	70.0	70.0
2010-05-26T00-16-46.438	22	3524	70.0	70.0
2010-05-26T00-16-49.966	23	3429	70.0	70.0
2010-05-26T00-16-53.400	24	3303	70.0	70.0
2010-05-26T00-16-56.707	25	3515	70.0	70.0
2010-05-26T00-17-00.227	26	3300	70.0	70.0
2010-05-26T00-17-03.531	27	3270	70.0	70.0
2010-05-26T00-17-06.806	28	3659	70.0	70.0
2010-05-26T00-17-10.470	29	3345	70.0	70.0
2010-05-26T00-17-13.820	30	3347	70.0	70.0
2010-05-26T00-17-17.172	31	3441	70.0	70.0
2010-05-26T00-17-20.618	32	3253	70.0	70.0
2010-05-26T00-17-23.875	33	3339	70.0	70.0
2010-05-26T00-17-27.219	34	3449	70.0	70.0
2010-05-26T00-17-30.672	35	3316	70.0	70.0
2010-05-26T00-17-33.993	36	3253	70.0	70.0
2010-05-26T00-17-37.251	37	3370	70.0	70.0
2010-05-26T00-17-40.626	38	3338	70.0	70.0
2010-05-26T00-17-43.969	39	3464	70.0	70.0
2010-05-26T00-17-47.438	40	3386	70.0	70.0
2010-05-26T00-17-50.833	41	3288	70.0	70.0
2010-05-26T00-17-54.125	42	3409	70.0	70.0
2010-05-26T00-17-57.539	43	3637	70.0	70.0
2010-05-26T00-18-01.180	44	3331	70.0	70.0
2010-05-26T00-18-04.515	45	3356	70.0	70.0
2010-05-26T00-18-07.876	46	3346	70.0	70.0
2010-05-26T00-18-11.227	47	3292	70.0	70.0
2010-05-26T00-18-14.524	48	3417	70.0	70.0
2010-05-26T00-18-17.946	49	3277	70.0	70.0
2010-05-26T00-18-21.227	50	3276	70.0	70.0
2010-05-26T00-18-24.508	51	3715	70.0	70.0
2010-05-26T00-18-28.228	52	3284	70.0	70.0
2010-05-26T00-18-31.516	53	3308	70.0	70.0
2010-05-26T00-18-34.828	54	3504	70.0	70.0
2010-05-26T00-18-38.336	55	3285	70.0	70.0
2010-05-26T00-18-41.626	56	3377	70.0	70.0
2010-05-26T00-18-45.008	57	3573	70.0	70.0
2010-05-26T00-18-48.586	58	3277	70.0	70.0
2010-05-26T00-18-51.868	59	3284	70.0	70.0
2010-05-26T00-18-55.157	60	3502	70.0	70.0
2010-05-26T00-18-58.664	61	3269	70.0	70.0
2010-05-26T00-19-01.938	62	3285	70.0	70.0
2010-05-26T00-19-05.227	63	3523	70.0	70.0
2010-05-26T00-19-08.754	64	3351	70.0	70.0
2010-05-26T00-19-12.110	65	3308	70.0	70.0
2010-05-26T00-19-15.423	66	3425	70.0	70.0
2010-05-26T00-19-18.853	67	3306	70.0	70.0
2010-05-26T00-19-22.164	68	3348	70.0	70.0
2010-05-26T00-19-25.516	69	3410	70.0	70.0
2010-05-26T00-19-28.930	70	3285	70.0	70.0
2010-05-26T00-19-32.219	71	3868	70.0	70.0
2010-05-26T00-19-36.091	72	4670	70.0	70.0
2010-05-26T00-19-40.765	73	3738	70.0	70.0
2010-05-26T00-19-44.508	74	3292	70.0	70.0
2010-05-26T00-19-47.805	75	3261	70.0	70.0
2010-05-26T00-19-51.071	76	3456	70.0	70.0
2010-05-26T00-19-54.532	77	3252	70.0	70.0
2010-05-26T00-19-57.789	78	5731	70.0	70.0
2010-05-26T00-20-03.524	79	4923	70.0	70.0
2010-05-26T00-20-08.451	80	5107	70.0	70.0
2010-05-26T00-20-13.563	81	4050	70.0	70.0
2010-05-26T00-20-17.618	82	3315	70.0	70.0
2010-05-26T00-20-20.938	83	3370	70.0	70.0
2010-05-26T00-20-24.313	84	3284	70.0	70.0
2010-05-26T00-20-27.602	85	4132	70.0	70.0
2010-05-26T00-20-31.737	86	5118	70.0	70.0
2010-05-26T00-20-36.859	87	5598	70.0	70.0
2010-05-26T00-20-42.462	88	5229	70.0	70.0
2010-05-26T00-20-47.695	89	5293	70.0	70.0
2010-05-26T00-20-52.993	90	5174	70.0	70.0
2010-05-26T00-20-58.172	91	5473	70.0	70.0
2010-05-26T00-21-03.707	92	5694	70.0	70.0
2010-05-26T00-21-09.406	93	5207	70.0	70.0
2010-05-26T00-21-14.617	94	5058	70.0	70.0
2010-05-26T00-21-19.679	95	5168	70.0	70.0
2010-05-26T00-21-24.852	96	5057	70.0	70.0
2010-05-26T00-21-29.914	97	6442	70.0	70.0
2010-05-26T00-21-36.361	98	4924	70.0	70.0
2010-05-26T00-21-41.289	99	3394	70.0	70.0
2010-05-26T00-21-44.688	100	3363	70.0	70.0
2010-05-26T00-21-48.055	101	3269	70.0	70.0
2010-05-26T00-21-51.328	102	3285	70.0	70.0
2010-05-26T00-21-54.618	103	3588	70.0	70.0
2010-05-26T00-21-58.211	104	3493	70.0	70.0
2010-05-26T00-22-01.713	105	4091	70.0	70.0
2010-05-26T00-22-05.808	106	3571	70.0	70.0
2010-05-26T00-22-09.383	107	3394	70.0	70.0
2010-05-26T00-22-12.787	108	4592	70.0	70.0
2010-05-26T00-22-17.384	109	4428	70.0	70.0
2010-05-26T00-22-21.816	110	5094	70.0	70.0
2010-05-26T00-22-26.915	111	5245	70.0	70.0
2010-05-26T00-22-32.165	112	4893	70.0	70.0
2010-05-26T00-22-37.063	113	4121	70.0	70.0
2010-05-26T00-22-41.189	114	5139	70.0	70.0
2010-05-26T00-22-46.332	115	3425	70.0	70.0
2010-05-26T00-22-49.761	116	3274	70.0	70.0
2010-05-26T00-22-53.039	117	3371	70.0	70.0
2010-05-26T00-22-56.415	118	3299	70.0	70.0
2010-05-26T00-22-59.719	119	3300	70.0	70.0
2010-05-26T00-23-03.024	120	3354	70.0	70.0
2010-05-26T00-23-06.383	121	3403	70.0	70.0
2010-05-26T00-23-09.790	122	3472	70.0	70.0
2010-05-26T00-23-13.266	123	3659	70.0	70.0
2010-05-26T00-23-16.929	124	4339	70.0	70.0
2010-05-26T00-23-21.272	125	5513	70.0	70.0
2010-05-26T00-23-26.790	126	5854	70.0	70.0
2010-05-26T00-23-32.649	127	5237	70.0	70.0
2010-05-26T00-23-37.891	128	5011	70.0	70.0
2010-05-26T00-23-42.907	129	5002	70.0	70.0
2010-05-26T00-23-47.914	130	4427	70.0	70.0
2010-05-26T00-23-52.345	131	5723	70.0	70.0
2010-05-26T00-23-58.072	132	6683	70.0	70.0
2010-05-26T00-24-04.759	133	5041	70.0	70.0
2010-05-26T00-24-09.805	134	5190	70.0	70.0
2010-05-26T00-24-15.000	135	5350	70.0	70.0
2010-05-26T00-24-20.354	136	5151	70.0	70.0
2010-05-26T00-24-25.509	137	5327	70.0	70.0
2010-05-26T00-24-30.840	138	5268	70.0	70.0
2010-05-26T00-24-36.112	139	5416	70.0	70.0
2010-05-26T00-24-41.533	140	3876	70.0	70.0
2010-05-26T00-24-45.421	141	3305	70.0	70.0
2010-05-26T00-24-48.730	142	3500	70.0	70.0
2010-05-26T00-24-52.235	143	4425	70.0	70.0
2010-05-26T00-24-56.664	144	3707	70.0	70.0
2010-05-26T00-25-00.376	145	4573	70.0	70.0
2010-05-26T00-25-04.953	146	4533	70.0	70.0
2010-05-26T00-25-09.490	147	3889	70.0	70.0
2010-05-26T00-25-13.384	148	3677	70.0	70.0
2010-05-26T00-25-17.066	149	4375	70.0	70.0
2010-05-26T00-25-21.446	150	3216	70.0	70.0
2010-05-26T00-25-24.666	151	5134	70.0	70.0
2010-05-26T00-25-29.805	152	4624	70.0	70.0
2010-05-26T00-25-34.433	153	4321	70.0	70.0
2010-05-26T00-25-38.758	154	5397	70.0	70.0
2010-05-26T00-25-44.159	155	6165	70.0	70.0
2010-05-26T00-25-50.329	156	5367	70.0	70.0
2010-05-26T00-25-55.700	157	5372	70.0	70.0
2010-05-26T00-26-01.076	158	5330	70.0	70.0
2010-05-26T00-26-06.410	159	5094	70.0	70.0
2010-05-26T00-26-11.508	160	5097	70.0	70.0
2010-05-26T00-26-16.610	161	6284	70.0	70.0
2010-05-26T00-26-22.899	162	3807	70.0	70.0
2010-05-26T00-26-26.711	163	4549	70.0	70.0
2010-05-26T00-26-31.264	164	5287	70.0	70.0
2010-05-26T00-26-36.555	165	6214	70.0	70.0
2010-05-26T00-26-42.774	166	4093	70.0	70.0
2010-05-26T00-26-46.871	167	7039	70.0	70.0
2010-05-26T00-26-53.915	168	4995	70.0	70.0
2010-05-26T00-26-58.915	169	5901	70.0	70.0
2010-05-26T00-27-04.821	170	5269	70.0	70.0
2010-05-26T00-27-10.094	171	3706	70.0	70.0
2010-05-26T00-27-13.804	172	3606	70.0	70.0
2010-05-26T00-27-17.414	173	3781	70.0	70.0
2010-05-26T00-27-21.199	174	5061	70.0	70.0
2010-05-26T00-27-26.264	175	5122	70.0	70.0
2010-05-26T00-27-31.391	176	4284	70.0	70.0
2010-05-26T00-27-35.680	177	3315	70.0	70.0
2010-05-26T00-27-39.000	178	3323	70.0	70.0
2010-05-26T00-27-42.336	179	3888	70.0	70.0
2010-05-26T00-27-46.229	180	4824	70.0	70.0
2010-05-26T00-27-51.057	181	3281	70.0	70.0
2010-05-26T00-27-54.342	182	3724	70.0	70.0
2010-05-26T00-27-58.070	183	3519	70.0	70.0
2010-05-26T00-28-01.594	184	3261	70.0	70.0
2010-05-26T00-28-04.860	185	3878	70.0	70.0
2010-05-26T00-28-08.743	186	3291	70.0	70.0
2010-05-26T00-28-12.039	187	3323	70.0	70.0
2010-05-26T00-28-15.367	188	3792	70.0	70.0
2010-05-26T00-28-19.164	189	3322	70.0	70.0
2010-05-26T00-28-22.490	190	3189	70.0	70.0
2010-05-26T00-28-25.683	191	3289	70.0	70.0
2010-05-26T00-28-28.976	192	3434	70.0	70.0
2010-05-26T00-28-32.415	193	3268	70.0	70.0
2010-05-26T00-28-35.688	194	3276	70.0	70.0
2010-05-26T00-28-38.969	195	3512	70.0	70.0
2010-05-26T00-28-42.485	196	3348	70.0	70.0
2010-05-26T00-28-45.837	197	3299	70.0	70.0
2010-05-26T00-28-49.141	198	3485	70.0	70.0
2010-05-26T00-28-52.630	199	3280	70.0	70.0
