2010-05-25T20-45-39.006	0	6282	40.0	40.0
2010-05-25T20-45-45.292	1	6001	40.0	40.0
2010-05-25T20-45-51.297	2	5874	40.0	40.0
2010-05-25T20-45-57.175	3	5713	40.0	40.0
2010-05-25T20-46-02.892	4	5882	40.0	40.0
2010-05-25T20-46-08.778	5	5855	40.0	40.0
2010-05-25T20-46-14.638	6	5869	40.0	40.0
2010-05-25T20-46-20.511	7	5895	40.0	40.0
2010-05-25T20-46-26.410	8	5795	40.0	40.0
2010-05-25T20-46-32.210	9	5694	40.0	40.0
2010-05-25T20-46-37.908	10	5857	40.0	40.0
2010-05-25T20-46-43.769	11	5860	40.0	40.0
2010-05-25T20-46-49.633	12	5890	40.0	40.0
2010-05-25T20-46-55.527	13	5858	40.0	40.0
2010-05-25T20-47-01.389	14	6421	40.0	40.0
2010-05-25T20-47-07.814	15	5829	40.0	40.0
2010-05-25T20-47-13.647	16	5950	40.0	40.0
2010-05-25T20-47-19.601	17	5835	40.0	40.0
2010-05-25T20-47-25.440	18	5965	40.0	40.0
2010-05-25T20-47-31.409	19	5965	40.0	40.0
2010-05-25T20-47-37.378	20	5937	40.0	40.0
2010-05-25T20-47-43.319	21	6001	40.0	40.0
2010-05-25T20-47-49.324	22	5628	40.0	40.0
2010-05-25T20-47-54.956	23	5822	40.0	40.0
2010-05-25T20-48-00.782	24	5806	40.0	40.0
2010-05-25T20-48-06.592	25	6088	40.0	40.0
2010-05-25T20-48-12.684	26	5919	40.0	40.0
2010-05-25T20-48-18.607	27	6059	40.0	40.0
2010-05-25T20-48-24.671	28	5858	40.0	40.0
2010-05-25T20-48-30.533	29	6063	40.0	40.0
2010-05-25T20-48-36.600	30	5838	40.0	40.0
2010-05-25T20-48-42.442	31	6086	40.0	40.0
2010-05-25T20-48-48.532	32	5818	40.0	40.0
2010-05-25T20-48-54.354	33	6107	40.0	40.0
2010-05-25T20-49-00.465	34	5909	40.0	40.0
2010-05-25T20-49-06.378	35	5934	40.0	40.0
2010-05-25T20-49-12.316	36	5834	40.0	40.0
2010-05-25T20-49-18.154	37	6053	40.0	40.0
2010-05-25T20-49-24.211	38	5952	40.0	40.0
2010-05-25T20-49-30.167	39	6109	40.0	40.0
2010-05-25T20-49-36.280	40	5651	40.0	40.0
2010-05-25T20-49-41.935	41	5852	40.0	40.0
2010-05-25T20-49-47.791	42	5823	40.0	40.0
2010-05-25T20-49-53.618	43	6014	40.0	40.0
2010-05-25T20-49-59.636	44	5849	40.0	40.0
2010-05-25T20-50-05.489	45	5990	40.0	40.0
2010-05-25T20-50-11.483	46	5838	40.0	40.0
2010-05-25T20-50-17.326	47	6004	40.0	40.0
2010-05-25T20-50-23.335	48	5795	40.0	40.0
2010-05-25T20-50-29.134	49	5845	40.0	40.0
2010-05-25T20-50-34.983	50	5674	40.0	40.0
2010-05-25T20-50-40.662	51	5999	40.0	40.0
2010-05-25T20-50-46.665	52	5774	40.0	40.0
2010-05-25T20-50-52.444	53	5987	40.0	40.0
2010-05-25T20-50-58.435	54	5842	40.0	40.0
2010-05-25T20-51-04.281	55	6018	40.0	40.0
2010-05-25T20-51-10.303	56	5671	40.0	40.0
2010-05-25T20-51-15.978	57	5856	40.0	40.0
2010-05-25T20-51-21.839	58	5874	40.0	30.0
2010-05-25T20-51-27.717	59	6034	30.0	30.0
2010-05-25T20-51-33.771	60	5800	30.0	30.0
2010-05-25T20-51-39.575	61	6084	30.0	30.0
2010-05-25T20-51-45.663	62	5925	30.0	30.0
2010-05-25T20-51-51.592	63	6017	30.0	30.0
2010-05-25T20-51-57.621	64	5862	30.0	30.0
2010-05-25T20-52-03.487	65	5937	30.0	30.0
2010-05-25T20-52-09.428	66	5845	30.0	30.0
2010-05-25T20-52-15.278	67	5963	30.0	30.0
2010-05-25T20-52-21.245	68	5699	30.0	30.0
2010-05-25T20-52-26.948	69	5742	30.0	30.0
2010-05-25T20-52-32.694	70	5801	30.0	30.0
2010-05-25T20-52-38.499	71	5779	30.0	30.0
2010-05-25T20-52-44.282	72	5926	30.0	30.0
2010-05-25T20-52-50.212	73	6051	30.0	30.0
2010-05-25T20-52-56.267	74	5908	30.0	30.0
2010-05-25T20-53-02.179	75	5737	30.0	30.0
2010-05-25T20-53-07.920	76	5755	30.0	30.0
2010-05-25T20-53-13.679	77	5884	30.0	30.0
2010-05-25T20-53-19.567	78	5940	30.0	30.0
2010-05-25T20-53-25.512	79	5927	30.0	30.0
2010-05-25T20-53-31.443	80	5875	30.0	30.0
2010-05-25T20-53-37.322	81	5901	30.0	30.0
2010-05-25T20-53-43.227	82	5816	30.0	30.0
2010-05-25T20-53-49.047	83	5760	30.0	30.0
2010-05-25T20-53-54.811	84	5905	30.0	30.0
2010-05-25T20-54-00.720	85	5893	30.0	30.0
2010-05-25T20-54-06.617	86	5874	30.0	30.0
2010-05-25T20-54-12.495	87	5926	30.0	30.0
2010-05-25T20-54-18.425	88	5894	30.0	30.0
2010-05-25T20-54-24.323	89	5895	30.0	30.0
2010-05-25T20-54-30.222	90	5727	30.0	30.0
2010-05-25T20-54-35.953	91	5806	30.0	30.0
2010-05-25T20-54-41.763	92	5879	30.0	30.0
2010-05-25T20-54-47.646	93	6067	30.0	30.0
2010-05-25T20-54-53.717	94	5948	30.0	30.0
2010-05-25T20-54-59.669	95	6001	30.0	30.0
2010-05-25T20-55-05.674	96	5891	30.0	30.0
2010-05-25T20-55-11.569	97	5887	30.0	30.0
2010-05-25T20-55-17.460	98	5948	30.0	30.0
2010-05-25T20-55-23.420	99	5863	30.0	30.0
2010-05-25T20-55-29.287	100	5875	30.0	30.0
2010-05-25T20-55-35.166	101	5711	30.0	30.0
2010-05-25T20-55-40.881	102	5882	30.0	30.0
2010-05-25T20-55-46.767	103	5853	30.0	30.0
2010-05-25T20-55-52.625	104	5910	30.0	30.0
2010-05-25T20-55-58.540	105	5929	30.0	30.0
2010-05-25T20-56-04.473	106	6109	30.0	30.0
2010-05-25T20-56-10.586	107	5852	30.0	30.0
2010-05-25T20-56-16.443	108	5906	30.0	30.0
2010-05-25T20-56-22.353	109	5867	30.0	30.0
2010-05-25T20-56-28.224	110	5912	30.0	30.0
2010-05-25T20-56-34.140	111	5720	30.0	30.0
2010-05-25T20-56-39.864	112	5852	30.0	30.0
2010-05-25T20-56-45.720	113	5847	30.0	30.0
2010-05-25T20-56-51.571	114	5839	30.0	30.0
2010-05-25T20-56-57.414	115	5899	30.0	30.0
2010-05-25T20-57-03.318	116	5901	30.0	30.0
2010-05-25T20-57-09.223	117	5714	30.0	30.0
2010-05-25T20-57-14.941	118	5910	30.0	30.0
2010-05-25T20-57-20.856	119	5866	30.0	30.0
2010-05-25T20-57-26.726	120	5911	30.0	30.0
2010-05-25T20-57-32.641	121	5866	30.0	30.0
2010-05-25T20-57-38.511	122	5847	30.0	30.0
2010-05-25T20-57-44.362	123	5834	30.0	30.0
2010-05-25T20-57-50.201	124	5723	30.0	30.0
2010-05-25T20-57-55.928	125	5905	30.0	30.0
2010-05-25T20-58-01.837	126	5892	30.0	30.0
2010-05-25T20-58-07.733	127	5860	30.0	30.0
2010-05-25T20-58-13.598	128	5879	30.0	30.0
2010-05-25T20-58-19.481	129	5842	30.0	30.0
2010-05-25T20-58-25.328	130	5822	30.0	30.0
2010-05-25T20-58-31.155	131	5790	30.0	30.0
2010-05-25T20-58-36.949	132	5852	30.0	30.0
2010-05-25T20-58-42.805	133	5824	30.0	30.0
2010-05-25T20-58-48.633	134	5877	30.0	30.0
2010-05-25T20-58-54.514	135	5827	30.0	30.0
2010-05-25T20-59-00.345	136	5872	30.0	30.0
2010-05-25T20-59-06.221	137	5697	30.0	30.0
2010-05-25T20-59-11.922	138	5909	30.0	30.0
2010-05-25T20-59-17.835	139	5819	30.0	30.0
2010-05-25T20-59-23.658	140	5820	30.0	30.0
2010-05-25T20-59-29.482	141	5872	30.0	30.0
2010-05-25T20-59-35.358	142	5823	30.0	30.0
2010-05-25T20-59-41.185	143	5682	30.0	30.0
2010-05-25T20-59-46.871	144	5829	30.0	30.0
2010-05-25T20-59-52.704	145	5836	30.0	30.0
2010-05-25T20-59-58.544	146	5903	30.0	30.0
2010-05-25T21-00-04.451	147	5837	30.0	30.0
2010-05-25T21-00-10.300	148	5654	30.0	30.0
2010-05-25T21-00-15.958	149	5701	30.0	30.0
2010-05-25T21-00-21.663	150	5831	30.0	30.0
2010-05-25T21-00-27.498	151	5840	30.0	30.0
2010-05-25T21-00-33.342	152	5791	30.0	30.0
2010-05-25T21-00-39.137	153	5724	30.0	30.0
2010-05-25T21-00-44.865	154	5873	30.0	30.0
2010-05-25T21-00-50.742	155	5811	30.0	30.0
2010-05-25T21-00-56.557	156	5828	30.0	30.0
2010-05-25T21-01-02.389	157	5826	30.0	30.0
2010-05-25T21-01-08.219	158	5706	30.0	30.0
2010-05-25T21-01-13.929	159	5635	30.0	30.0
2010-05-25T21-01-19.570	160	5834	30.0	30.0
2010-05-25T21-01-25.408	161	5839	30.0	30.0
2010-05-25T21-01-31.251	162	5703	30.0	30.0
2010-05-25T21-01-36.958	163	5712	30.0	30.0
2010-05-25T21-01-42.675	164	5979	30.0	30.0
2010-05-25T21-01-48.658	165	5869	30.0	30.0
2010-05-25T21-01-54.531	166	5818	30.0	30.0
2010-05-25T21-02-00.353	167	5851	30.0	30.0
2010-05-25T21-02-06.208	168	5711	30.0	30.0
2010-05-25T21-02-11.923	169	5836	30.0	30.0
2010-05-25T21-02-17.763	170	5840	30.0	30.0
2010-05-25T21-02-23.607	171	5825	30.0	30.0
2010-05-25T21-02-29.437	172	5823	30.0	30.0
2010-05-25T21-02-35.264	173	5672	30.0	30.0
2010-05-25T21-02-40.940	174	5676	30.0	30.0
2010-05-25T21-02-46.620	175	5823	30.0	30.0
2010-05-25T21-02-52.447	176	5831	30.0	30.0
2010-05-25T21-02-58.282	177	5699	30.0	30.0
2010-05-25T21-03-03.985	178	5714	30.0	30.0
2010-05-25T21-03-09.703	179	5887	30.0	30.0
2010-05-25T21-03-15.594	180	5853	30.0	30.0
2010-05-25T21-03-21.451	181	5836	30.0	30.0
2010-05-25T21-03-27.291	182	5865	30.0	30.0
2010-05-25T21-03-33.160	183	5691	30.0	30.0
2010-05-25T21-03-38.855	184	6016	30.0	30.0
2010-05-25T21-03-44.875	185	5953	30.0	30.0
2010-05-25T21-03-50.832	186	5871	30.0	30.0
2010-05-25T21-03-56.708	187	5862	30.0	30.0
2010-05-25T21-04-02.574	188	5877	30.0	30.0
2010-05-25T21-04-08.455	189	5820	30.0	30.0
2010-05-25T21-04-14.280	190	5923	30.0	30.0
2010-05-25T21-04-20.208	191	5718	30.0	30.0
2010-05-25T21-04-25.930	192	5852	30.0	30.0
2010-05-25T21-04-31.786	193	5911	30.0	30.0
2010-05-25T21-04-37.702	194	5862	30.0	30.0
2010-05-25T21-04-43.568	195	5879	30.0	30.0
2010-05-25T21-04-49.451	196	5903	30.0	30.0
2010-05-25T21-04-55.358	197	5876	30.0	30.0
2010-05-25T21-05-01.238	198	5935	30.0	20.0
2010-05-25T21-05-07.192	199	5720	20.0	20.0
